# Xorshift64* seed is 11942221317502198742
# Matrix size is 1000 x 1000
# Probability of a cell to be non-empty is 48.000000%
# Collecting statistics over 100 iterations
# Size Count CountPerIteration
1 	 11813.120
2 	 3962.020
3 	 2134.060
4 	 1347.450
5 	 932.870
6 	 690.760
7 	 532.140
8 	 423.220
9 	 346.720
10 	 285.170
11 	 243.200
12 	 208.280
13 	 179.090
14 	 159.740
15 	 138.760
16 	 125.170
17 	 112.070
18 	 101.500
19 	 91.520
20 	 84.060
21 	 78.410
22 	 71.330
23 	 67.230
24 	 59.640
25 	 55.790
26 	 52.190
27 	 49.210
28 	 46.640
29 	 41.690
30 	 40.580
31 	 37.860
32 	 35.870
33 	 33.850
34 	 31.910
35 	 30.720
36 	 29.230
37 	 28.390
38 	 26.680
39 	 24.890
40 	 23.870
41 	 23.320
42 	 21.980
43 	 21.120
44 	 21.970
45 	 20.170
46 	 18.760
47 	 17.390
48 	 17.970
49 	 17.220
50 	 16.240
51 	 15.930
52 	 15.510
53 	 14.120
54 	 15.140
55 	 14.350
56 	 13.580
57 	 12.960
58 	 12.990
59 	 12.030
60 	 11.900
61 	 10.770
62 	 10.780
63 	 10.990
64 	 10.700
65 	 10.230
66 	 9.750
67 	 10.070
68 	 9.860
69 	 9.190
70 	 9.310
71 	 7.850
72 	 8.300
73 	 8.170
74 	 7.860
75 	 7.940
76 	 7.490
77 	 7.340
78 	 7.370
79 	 7.090
80 	 7.110
81 	 6.770
82 	 6.720
83 	 6.940
84 	 7.160
85 	 6.320
86 	 6.270
87 	 5.840
88 	 6.400
89 	 5.480
90 	 5.730
91 	 5.660
92 	 5.480
93 	 5.320
94 	 5.350
95 	 5.080
96 	 5.520
97 	 5.220
98 	 5.390
99 	 4.540
100 	 4.600
101 	 4.570
102 	 4.460
103 	 4.490
104 	 4.860
105 	 4.190
106 	 4.220
107 	 4.380
108 	 4.160
109 	 4.200
110 	 3.830
111 	 4.390
112 	 3.870
113 	 4.020
114 	 4.070
115 	 3.630
116 	 4.010
117 	 3.220
118 	 4.010
119 	 3.670
120 	 3.660
121 	 3.330
122 	 3.100
123 	 3.380
124 	 3.070
125 	 3.150
126 	 3.010
127 	 3.250
128 	 2.870
129 	 2.910
130 	 3.090
131 	 2.790
132 	 3.240
133 	 2.980
134 	 2.910
135 	 2.400
136 	 2.830
137 	 2.830
138 	 2.540
139 	 2.770
140 	 2.880
141 	 2.440
142 	 2.600
143 	 2.700
144 	 2.250
145 	 2.620
146 	 2.380
147 	 2.500
148 	 2.220
149 	 2.400
150 	 2.240
151 	 2.230
152 	 2.330
153 	 2.050
154 	 2.430
155 	 2.140
156 	 2.440
157 	 2.260
158 	 2.020
159 	 1.790
160 	 2.000
161 	 1.960
162 	 2.030
163 	 2.310
164 	 2.020
165 	 2.070
166 	 1.900
167 	 2.040
168 	 2.000
169 	 1.760
170 	 1.890
171 	 1.910
172 	 1.830
173 	 1.590
174 	 1.710
175 	 1.820
176 	 1.700
177 	 1.710
178 	 2.000
179 	 1.610
180 	 1.520
181 	 1.530
182 	 1.790
183 	 1.720
184 	 1.640
185 	 1.810
186 	 1.620
187 	 1.620
188 	 1.520
189 	 1.630
190 	 1.450
191 	 1.530
192 	 1.240
193 	 1.460
194 	 1.540
195 	 1.480
196 	 1.430
197 	 1.370
198 	 1.340
199 	 1.170
200 	 1.370
201 	 1.320
202 	 1.260
203 	 1.320
204 	 1.410
205 	 1.490
206 	 1.440
207 	 1.250
208 	 1.320
209 	 1.260
210 	 1.180
211 	 1.370
212 	 1.440
213 	 1.400
214 	 1.340
215 	 1.290
216 	 1.270
217 	 1.190
218 	 1.290
219 	 1.380
220 	 1.190
221 	 1.320
222 	 1.200
223 	 1.200
224 	 1.220
225 	 1.160
226 	 1.030
227 	 1.120
228 	 1.030
229 	 1.060
230 	 1.110
231 	 1.120
232 	 1.150
233 	 1.300
234 	 1.040
235 	 0.970
236 	 1.140
237 	 0.780
238 	 0.920
239 	 1.120
240 	 0.900
241 	 0.970
242 	 0.900
243 	 1.140
244 	 0.930
245 	 1.010
246 	 0.970
247 	 0.930
248 	 0.890
249 	 0.750
250 	 1.050
251 	 0.990
252 	 1.000
253 	 0.940
254 	 0.870
255 	 0.810
256 	 1.010
257 	 0.930
258 	 0.900
259 	 0.840
260 	 0.800
261 	 0.860
262 	 0.800
263 	 1.090
264 	 0.920
265 	 0.890
266 	 0.990
267 	 0.830
268 	 0.670
269 	 0.910
270 	 0.580
271 	 0.710
272 	 0.890
273 	 0.880
274 	 0.760
275 	 0.690
276 	 0.990
277 	 0.860
278 	 0.730
279 	 0.700
280 	 0.770
281 	 0.920
282 	 0.500
283 	 0.800
284 	 0.700
285 	 0.800
286 	 0.680
287 	 0.820
288 	 0.620
289 	 0.710
290 	 0.780
291 	 0.650
292 	 0.740
293 	 0.840
294 	 0.630
295 	 0.710
296 	 0.790
297 	 0.710
298 	 0.720
299 	 0.690
300 	 0.810
301 	 0.590
302 	 0.690
303 	 0.570
304 	 0.570
305 	 0.700
306 	 0.780
307 	 0.750
308 	 0.760
309 	 0.630
310 	 0.820
311 	 0.470
312 	 0.570
313 	 0.590
314 	 0.620
315 	 0.670
316 	 0.630
317 	 0.620
318 	 0.810
319 	 0.630
320 	 0.720
321 	 0.550
322 	 0.570
323 	 0.510
324 	 0.530
325 	 0.540
326 	 0.700
327 	 0.690
328 	 0.650
329 	 0.610
330 	 0.690
331 	 0.740
332 	 0.560
333 	 0.470
334 	 0.590
335 	 0.560
336 	 0.670
337 	 0.500
338 	 0.490
339 	 0.590
340 	 0.430
341 	 0.690
342 	 0.750
343 	 0.460
344 	 0.590
345 	 0.590
346 	 0.520
347 	 0.570
348 	 0.650
349 	 0.620
350 	 0.580
351 	 0.450
352 	 0.510
353 	 0.520
354 	 0.530
355 	 0.600
356 	 0.570
357 	 0.450
358 	 0.460
359 	 0.470
360 	 0.540
361 	 0.520
362 	 0.530
363 	 0.670
364 	 0.500
365 	 0.420
366 	 0.610
367 	 0.500
368 	 0.410
369 	 0.340
370 	 0.470
371 	 0.430
372 	 0.500
373 	 0.360
374 	 0.590
375 	 0.460
376 	 0.370
377 	 0.530
378 	 0.470
379 	 0.410
380 	 0.450
381 	 0.570
382 	 0.660
383 	 0.420
384 	 0.390
385 	 0.480
386 	 0.470
387 	 0.490
388 	 0.440
389 	 0.500
390 	 0.510
391 	 0.560
392 	 0.430
393 	 0.370
394 	 0.500
395 	 0.510
396 	 0.500
397 	 0.480
398 	 0.440
399 	 0.410
400 	 0.370
401 	 0.360
402 	 0.410
403 	 0.430
404 	 0.350
405 	 0.340
406 	 0.380
407 	 0.440
408 	 0.370
409 	 0.340
410 	 0.490
411 	 0.490
412 	 0.390
413 	 0.450
414 	 0.370
415 	 0.360
416 	 0.280
417 	 0.420
418 	 0.430
419 	 0.420
420 	 0.460
421 	 0.290
422 	 0.420
423 	 0.410
424 	 0.480
425 	 0.500
426 	 0.500
427 	 0.360
428 	 0.310
429 	 0.350
430 	 0.340
431 	 0.330
432 	 0.270
433 	 0.400
434 	 0.440
435 	 0.350
436 	 0.360
437 	 0.260
438 	 0.360
439 	 0.450
440 	 0.400
441 	 0.470
442 	 0.300
443 	 0.310
444 	 0.350
445 	 0.400
446 	 0.360
447 	 0.310
448 	 0.270
449 	 0.380
450 	 0.460
451 	 0.270
452 	 0.360
453 	 0.310
454 	 0.300
455 	 0.380
456 	 0.350
457 	 0.350
458 	 0.340
459 	 0.390
460 	 0.290
461 	 0.420
462 	 0.280
463 	 0.290
464 	 0.390
465 	 0.370
466 	 0.380
467 	 0.310
468 	 0.380
469 	 0.400
470 	 0.270
471 	 0.410
472 	 0.380
473 	 0.380
474 	 0.390
475 	 0.310
476 	 0.200
477 	 0.380
478 	 0.200
479 	 0.310
480 	 0.360
481 	 0.190
482 	 0.400
483 	 0.310
484 	 0.340
485 	 0.360
486 	 0.260
487 	 0.290
488 	 0.350
489 	 0.170
490 	 0.230
491 	 0.300
492 	 0.250
493 	 0.310
494 	 0.190
495 	 0.270
496 	 0.290
497 	 0.290
498 	 0.320
499 	 0.170
500 	 0.300
501 	 0.320
502 	 0.320
503 	 0.280
504 	 0.140
505 	 0.270
506 	 0.230
507 	 0.340
508 	 0.220
509 	 0.230
510 	 0.220
511 	 0.230
512 	 0.240
513 	 0.320
514 	 0.300
515 	 0.400
516 	 0.390
517 	 0.240
518 	 0.290
519 	 0.210
520 	 0.260
521 	 0.210
522 	 0.240
523 	 0.170
524 	 0.240
525 	 0.270
526 	 0.340
527 	 0.240
528 	 0.260
529 	 0.350
530 	 0.310
531 	 0.290
532 	 0.280
533 	 0.220
534 	 0.240
535 	 0.260
536 	 0.190
537 	 0.230
538 	 0.200
539 	 0.260
540 	 0.320
541 	 0.220
542 	 0.340
543 	 0.270
544 	 0.210
545 	 0.270
546 	 0.250
547 	 0.290
548 	 0.180
549 	 0.160
550 	 0.210
551 	 0.320
552 	 0.260
553 	 0.320
554 	 0.340
555 	 0.250
556 	 0.220
557 	 0.190
558 	 0.240
559 	 0.260
560 	 0.240
561 	 0.250
562 	 0.250
563 	 0.220
564 	 0.220
565 	 0.210
566 	 0.260
567 	 0.250
568 	 0.200
569 	 0.250
570 	 0.170
571 	 0.170
572 	 0.210
573 	 0.230
574 	 0.370
575 	 0.240
576 	 0.260
577 	 0.180
578 	 0.190
579 	 0.220
580 	 0.150
581 	 0.190
582 	 0.220
583 	 0.130
584 	 0.190
585 	 0.260
586 	 0.250
587 	 0.190
588 	 0.250
589 	 0.180
590 	 0.190
591 	 0.230
592 	 0.240
593 	 0.280
594 	 0.160
595 	 0.210
596 	 0.250
597 	 0.190
598 	 0.360
599 	 0.170
600 	 0.210
601 	 0.190
602 	 0.160
603 	 0.230
604 	 0.210
605 	 0.120
606 	 0.200
607 	 0.260
608 	 0.230
609 	 0.140
610 	 0.160
611 	 0.130
612 	 0.240
613 	 0.150
614 	 0.290
615 	 0.260
616 	 0.250
617 	 0.180
618 	 0.130
619 	 0.190
620 	 0.220
621 	 0.230
622 	 0.160
623 	 0.220
624 	 0.180
625 	 0.180
626 	 0.160
627 	 0.260
628 	 0.190
629 	 0.170
630 	 0.200
631 	 0.190
632 	 0.200
633 	 0.140
634 	 0.200
635 	 0.200
636 	 0.280
637 	 0.170
638 	 0.190
639 	 0.130
640 	 0.170
641 	 0.230
642 	 0.220
643 	 0.210
644 	 0.250
645 	 0.110
646 	 0.260
647 	 0.330
648 	 0.170
649 	 0.240
650 	 0.180
651 	 0.220
652 	 0.210
653 	 0.230
654 	 0.210
655 	 0.250
656 	 0.160
657 	 0.160
658 	 0.280
659 	 0.230
660 	 0.150
661 	 0.180
662 	 0.190
663 	 0.250
664 	 0.230
665 	 0.210
666 	 0.130
667 	 0.120
668 	 0.200
669 	 0.230
670 	 0.130
671 	 0.140
672 	 0.150
673 	 0.200
674 	 0.130
675 	 0.180
676 	 0.180
677 	 0.180
678 	 0.130
679 	 0.180
680 	 0.190
681 	 0.190
682 	 0.170
683 	 0.200
684 	 0.120
685 	 0.170
686 	 0.130
687 	 0.230
688 	 0.180
689 	 0.120
690 	 0.190
691 	 0.140
692 	 0.170
693 	 0.120
694 	 0.140
695 	 0.160
696 	 0.160
697 	 0.140
698 	 0.180
699 	 0.140
700 	 0.170
701 	 0.160
702 	 0.240
703 	 0.220
704 	 0.150
705 	 0.160
706 	 0.240
707 	 0.140
708 	 0.170
709 	 0.180
710 	 0.180
711 	 0.210
712 	 0.200
713 	 0.230
714 	 0.260
715 	 0.190
716 	 0.160
717 	 0.100
718 	 0.200
719 	 0.130
720 	 0.160
721 	 0.170
722 	 0.150
723 	 0.170
724 	 0.120
725 	 0.140
726 	 0.120
727 	 0.170
728 	 0.140
729 	 0.190
730 	 0.200
731 	 0.190
732 	 0.160
733 	 0.130
734 	 0.140
735 	 0.070
736 	 0.190
737 	 0.150
738 	 0.150
739 	 0.090
740 	 0.130
741 	 0.140
742 	 0.100
743 	 0.120
744 	 0.110
745 	 0.130
746 	 0.190
747 	 0.210
748 	 0.130
749 	 0.140
750 	 0.190
751 	 0.180
752 	 0.120
753 	 0.120
754 	 0.140
755 	 0.130
756 	 0.160
757 	 0.130
758 	 0.130
759 	 0.130
760 	 0.100
761 	 0.120
762 	 0.130
763 	 0.110
764 	 0.100
765 	 0.160
766 	 0.150
767 	 0.080
768 	 0.180
769 	 0.130
770 	 0.140
771 	 0.180
772 	 0.140
773 	 0.150
774 	 0.130
775 	 0.130
776 	 0.160
777 	 0.090
778 	 0.150
779 	 0.140
780 	 0.220
781 	 0.100
782 	 0.120
783 	 0.070
784 	 0.090
785 	 0.220
786 	 0.210
787 	 0.170
788 	 0.080
789 	 0.200
790 	 0.150
791 	 0.160
792 	 0.170
793 	 0.090
794 	 0.110
795 	 0.130
796 	 0.110
797 	 0.130
798 	 0.130
799 	 0.120
800 	 0.170
801 	 0.120
802 	 0.130
803 	 0.130
804 	 0.080
805 	 0.170
806 	 0.110
807 	 0.130
808 	 0.150
809 	 0.130
810 	 0.120
811 	 0.070
812 	 0.100
813 	 0.130
814 	 0.150
815 	 0.130
816 	 0.120
817 	 0.230
818 	 0.130
819 	 0.160
820 	 0.140
821 	 0.080
822 	 0.150
823 	 0.180
824 	 0.100
825 	 0.080
826 	 0.130
827 	 0.140
828 	 0.140
829 	 0.190
830 	 0.110
831 	 0.100
832 	 0.120
833 	 0.100
834 	 0.150
835 	 0.100
836 	 0.160
837 	 0.130
838 	 0.140
839 	 0.140
840 	 0.140
841 	 0.090
842 	 0.110
843 	 0.080
844 	 0.110
845 	 0.130
846 	 0.090
847 	 0.130
848 	 0.090
849 	 0.100
850 	 0.080
851 	 0.100
852 	 0.040
853 	 0.140
854 	 0.130
855 	 0.210
856 	 0.150
857 	 0.140
858 	 0.140
859 	 0.080
860 	 0.100
861 	 0.090
862 	 0.070
863 	 0.100
864 	 0.070
865 	 0.110
866 	 0.160
867 	 0.100
868 	 0.110
869 	 0.140
870 	 0.080
871 	 0.090
872 	 0.090
873 	 0.130
874 	 0.120
875 	 0.160
876 	 0.140
877 	 0.080
878 	 0.140
879 	 0.160
880 	 0.110
881 	 0.130
882 	 0.080
883 	 0.080
884 	 0.100
885 	 0.060
886 	 0.150
887 	 0.120
888 	 0.150
889 	 0.100
890 	 0.150
891 	 0.100
892 	 0.050
893 	 0.080
894 	 0.110
895 	 0.040
896 	 0.090
897 	 0.120
898 	 0.090
899 	 0.110
900 	 0.100
901 	 0.160
902 	 0.050
903 	 0.120
904 	 0.100
905 	 0.090
906 	 0.030
907 	 0.040
908 	 0.110
909 	 0.130
910 	 0.090
911 	 0.090
912 	 0.070
913 	 0.110
914 	 0.090
915 	 0.140
916 	 0.090
917 	 0.160
918 	 0.110
919 	 0.070
920 	 0.100
921 	 0.160
922 	 0.140
923 	 0.060
924 	 0.100
925 	 0.140
926 	 0.090
927 	 0.060
928 	 0.120
929 	 0.100
930 	 0.120
931 	 0.120
932 	 0.100
933 	 0.140
934 	 0.090
935 	 0.130
936 	 0.100
937 	 0.050
938 	 0.140
939 	 0.090
940 	 0.080
941 	 0.090
942 	 0.090
943 	 0.050
944 	 0.110
945 	 0.160
946 	 0.110
947 	 0.110
948 	 0.070
949 	 0.060
950 	 0.080
951 	 0.140
952 	 0.080
953 	 0.100
954 	 0.050
955 	 0.100
956 	 0.130
957 	 0.110
958 	 0.060
959 	 0.090
960 	 0.040
961 	 0.080
962 	 0.120
963 	 0.090
964 	 0.110
965 	 0.100
966 	 0.120
967 	 0.080
968 	 0.170
969 	 0.150
970 	 0.150
971 	 0.090
972 	 0.150
973 	 0.090
974 	 0.110
975 	 0.110
976 	 0.110
977 	 0.060
978 	 0.070
979 	 0.090
980 	 0.080
981 	 0.160
982 	 0.120
983 	 0.100
984 	 0.070
985 	 0.110
986 	 0.090
987 	 0.120
988 	 0.070
989 	 0.090
990 	 0.080
991 	 0.100
992 	 0.090
993 	 0.060
994 	 0.150
995 	 0.080
996 	 0.100
997 	 0.060
998 	 0.030
999 	 0.110
1000 	 0.100
1001 	 0.090
1002 	 0.140
1003 	 0.100
1004 	 0.070
1005 	 0.080
1006 	 0.080
1007 	 0.110
1008 	 0.130
1009 	 0.100
1010 	 0.040
1011 	 0.060
1012 	 0.050
1013 	 0.050
1014 	 0.100
1015 	 0.110
1016 	 0.090
1017 	 0.050
1018 	 0.100
1019 	 0.110
1020 	 0.090
1021 	 0.060
1022 	 0.070
1023 	 0.060
1024 	 0.090
1025 	 0.110
1026 	 0.040
1027 	 0.070
1028 	 0.090
1029 	 0.120
1030 	 0.030
1031 	 0.100
1032 	 0.060
1033 	 0.050
1034 	 0.080
1035 	 0.110
1036 	 0.050
1037 	 0.060
1038 	 0.140
1039 	 0.080
1040 	 0.110
1041 	 0.120
1042 	 0.060
1043 	 0.070
1044 	 0.120
1045 	 0.030
1046 	 0.070
1047 	 0.090
1048 	 0.080
1049 	 0.060
1050 	 0.080
1051 	 0.100
1052 	 0.140
1053 	 0.070
1054 	 0.050
1055 	 0.100
1056 	 0.110
1057 	 0.080
1058 	 0.100
1059 	 0.060
1060 	 0.110
1061 	 0.050
1062 	 0.050
1063 	 0.040
1064 	 0.090
1065 	 0.070
1066 	 0.090
1067 	 0.070
1068 	 0.090
1069 	 0.150
1070 	 0.070
1071 	 0.060
1072 	 0.090
1073 	 0.090
1074 	 0.080
1075 	 0.080
1076 	 0.050
1077 	 0.120
1078 	 0.080
1079 	 0.060
1080 	 0.140
1081 	 0.100
1082 	 0.080
1083 	 0.060
1084 	 0.080
1085 	 0.070
1086 	 0.070
1087 	 0.060
1088 	 0.060
1089 	 0.060
1090 	 0.070
1091 	 0.040
1092 	 0.100
1093 	 0.050
1094 	 0.040
1095 	 0.090
1096 	 0.030
1097 	 0.050
1098 	 0.110
1099 	 0.070
1100 	 0.030
1101 	 0.090
1102 	 0.050
1103 	 0.030
1104 	 0.120
1105 	 0.090
1106 	 0.070
1107 	 0.070
1108 	 0.130
1109 	 0.050
1110 	 0.090
1111 	 0.040
1112 	 0.090
1113 	 0.090
1114 	 0.040
1115 	 0.070
1116 	 0.060
1117 	 0.120
1118 	 0.050
1119 	 0.130
1120 	 0.100
1121 	 0.070
1122 	 0.090
1123 	 0.050
1124 	 0.110
1125 	 0.090
1126 	 0.080
1127 	 0.090
1128 	 0.070
1129 	 0.080
1130 	 0.040
1131 	 0.080
1132 	 0.110
1133 	 0.100
1134 	 0.090
1135 	 0.040
1136 	 0.050
1137 	 0.090
1138 	 0.050
1139 	 0.060
1140 	 0.040
1141 	 0.050
1142 	 0.080
1143 	 0.040
1144 	 0.100
1145 	 0.050
1146 	 0.050
1147 	 0.050
1148 	 0.120
1149 	 0.080
1150 	 0.040
1151 	 0.090
1152 	 0.070
1153 	 0.080
1154 	 0.060
1155 	 0.040
1156 	 0.120
1157 	 0.030
1158 	 0.050
1159 	 0.040
1160 	 0.100
1161 	 0.070
1162 	 0.080
1163 	 0.070
1164 	 0.060
1165 	 0.090
1166 	 0.040
1167 	 0.110
1168 	 0.100
1169 	 0.060
1170 	 0.030
1171 	 0.040
1172 	 0.110
1173 	 0.070
1174 	 0.070
1175 	 0.080
1176 	 0.070
1177 	 0.040
1178 	 0.030
1179 	 0.070
1180 	 0.120
1181 	 0.060
1182 	 0.060
1183 	 0.060
1184 	 0.090
1185 	 0.040
1186 	 0.030
1187 	 0.070
1188 	 0.090
1189 	 0.040
1190 	 0.050
1191 	 0.030
1192 	 0.040
1193 	 0.090
1194 	 0.080
1195 	 0.070
1196 	 0.100
1197 	 0.040
1198 	 0.060
1199 	 0.030
1200 	 0.080
1201 	 0.040
1202 	 0.060
1203 	 0.040
1204 	 0.060
1205 	 0.040
1206 	 0.070
1207 	 0.060
1208 	 0.060
1209 	 0.040
1210 	 0.030
1211 	 0.040
1212 	 0.030
1213 	 0.060
1214 	 0.080
1215 	 0.070
1216 	 0.060
1217 	 0.040
1218 	 0.070
1219 	 0.050
1220 	 0.030
1221 	 0.010
1222 	 0.030
1223 	 0.040
1224 	 0.060
1225 	 0.040
1226 	 0.090
1227 	 0.100
1228 	 0.080
1229 	 0.020
1230 	 0.060
1231 	 0.060
1232 	 0.090
1233 	 0.050
1234 	 0.040
1235 	 0.000
1236 	 0.020
1237 	 0.020
1238 	 0.030
1239 	 0.060
1240 	 0.070
1241 	 0.060
1242 	 0.030
1243 	 0.060
1244 	 0.070
1245 	 0.070
1246 	 0.050
1247 	 0.030
1248 	 0.110
1249 	 0.050
1250 	 0.120
1251 	 0.090
1252 	 0.080
1253 	 0.090
1254 	 0.090
1255 	 0.070
1256 	 0.090
1257 	 0.090
1258 	 0.050
1259 	 0.020
1260 	 0.080
1261 	 0.080
1262 	 0.060
1263 	 0.050
1264 	 0.070
1265 	 0.040
1266 	 0.070
1267 	 0.060
1268 	 0.060
1269 	 0.050
1270 	 0.030
1271 	 0.070
1272 	 0.070
1273 	 0.020
1274 	 0.050
1275 	 0.030
1276 	 0.060
1277 	 0.050
1278 	 0.080
1279 	 0.100
1280 	 0.040
1281 	 0.040
1282 	 0.050
1283 	 0.070
1284 	 0.070
1285 	 0.020
1286 	 0.040
1287 	 0.050
1288 	 0.050
1289 	 0.040
1290 	 0.030
1291 	 0.060
1292 	 0.040
1293 	 0.030
1294 	 0.080
1295 	 0.040
1296 	 0.100
1297 	 0.050
1298 	 0.070
1299 	 0.020
1300 	 0.030
1301 	 0.020
1302 	 0.050
1303 	 0.060
1304 	 0.020
1305 	 0.100
1306 	 0.050
1307 	 0.020
1308 	 0.060
1309 	 0.050
1310 	 0.050
1311 	 0.030
1312 	 0.070
1313 	 0.100
1314 	 0.060
1315 	 0.020
1316 	 0.060
1317 	 0.060
1318 	 0.030
1319 	 0.070
1320 	 0.080
1321 	 0.050
1322 	 0.060
1323 	 0.100
1324 	 0.060
1325 	 0.040
1326 	 0.060
1327 	 0.020
1328 	 0.050
1329 	 0.030
1330 	 0.060
1331 	 0.040
1332 	 0.030
1333 	 0.090
1334 	 0.050
1335 	 0.010
1336 	 0.050
1337 	 0.040
1338 	 0.090
1339 	 0.050
1340 	 0.050
1341 	 0.040
1342 	 0.020
1343 	 0.020
1344 	 0.020
1345 	 0.040
1346 	 0.010
1347 	 0.100
1348 	 0.030
1349 	 0.070
1350 	 0.020
1351 	 0.050
1352 	 0.080
1353 	 0.030
1354 	 0.050
1355 	 0.060
1356 	 0.090
1357 	 0.060
1358 	 0.040
1359 	 0.020
1360 	 0.020
1361 	 0.060
1362 	 0.020
1363 	 0.060
1364 	 0.030
1365 	 0.060
1366 	 0.030
1367 	 0.030
1368 	 0.040
1369 	 0.050
1370 	 0.030
1371 	 0.090
1372 	 0.040
1373 	 0.070
1374 	 0.030
1375 	 0.010
1376 	 0.070
1377 	 0.050
1378 	 0.050
1379 	 0.060
1380 	 0.040
1381 	 0.080
1382 	 0.050
1383 	 0.020
1384 	 0.040
1385 	 0.050
1386 	 0.010
1387 	 0.050
1388 	 0.020
1389 	 0.080
1390 	 0.050
1391 	 0.050
1392 	 0.050
1393 	 0.010
1394 	 0.030
1395 	 0.070
1396 	 0.030
1397 	 0.040
1398 	 0.060
1399 	 0.020
1400 	 0.020
1401 	 0.040
1402 	 0.070
1403 	 0.080
1404 	 0.010
1405 	 0.010
1406 	 0.050
1407 	 0.050
1408 	 0.050
1409 	 0.010
1410 	 0.060
1411 	 0.030
1412 	 0.020
1413 	 0.100
1414 	 0.020
1415 	 0.040
1416 	 0.010
1417 	 0.060
1418 	 0.040
1419 	 0.050
1420 	 0.060
1421 	 0.020
1422 	 0.070
1423 	 0.050
1424 	 0.050
1425 	 0.050
1426 	 0.030
1427 	 0.060
1428 	 0.040
1429 	 0.030
1430 	 0.060
1431 	 0.050
1432 	 0.050
1433 	 0.010
1434 	 0.040
1435 	 0.060
1436 	 0.060
1437 	 0.020
1438 	 0.000
1439 	 0.070
1440 	 0.030
1441 	 0.070
1442 	 0.050
1443 	 0.070
1444 	 0.060
1445 	 0.060
1446 	 0.050
1447 	 0.040
1448 	 0.040
1449 	 0.020
1450 	 0.030
1451 	 0.030
1452 	 0.050
1453 	 0.060
1454 	 0.020
1455 	 0.050
1456 	 0.050
1457 	 0.010
1458 	 0.070
1459 	 0.020
1460 	 0.080
1461 	 0.040
1462 	 0.040
1463 	 0.050
1464 	 0.070
1465 	 0.050
1466 	 0.050
1467 	 0.030
1468 	 0.040
1469 	 0.050
1470 	 0.090
1471 	 0.090
1472 	 0.050
1473 	 0.070
1474 	 0.060
1475 	 0.020
1476 	 0.060
1477 	 0.100
1478 	 0.020
1479 	 0.020
1480 	 0.070
1481 	 0.060
1482 	 0.070
1483 	 0.090
1484 	 0.020
1485 	 0.020
1486 	 0.040
1487 	 0.070
1488 	 0.010
1489 	 0.020
1490 	 0.040
1491 	 0.060
1492 	 0.070
1493 	 0.020
1494 	 0.040
1495 	 0.030
1496 	 0.030
1497 	 0.030
1498 	 0.050
1499 	 0.070
1500 	 0.050
1501 	 0.080
1502 	 0.030
1503 	 0.020
1504 	 0.090
1505 	 0.050
1506 	 0.060
1507 	 0.020
1508 	 0.040
1509 	 0.010
1510 	 0.040
1511 	 0.030
1512 	 0.040
1513 	 0.030
1514 	 0.070
1515 	 0.010
1516 	 0.060
1517 	 0.020
1518 	 0.020
1519 	 0.020
1520 	 0.090
1521 	 0.010
1522 	 0.040
1523 	 0.010
1524 	 0.050
1525 	 0.050
1526 	 0.040
1527 	 0.050
1528 	 0.030
1529 	 0.060
1530 	 0.030
1531 	 0.050
1532 	 0.060
1533 	 0.030
1534 	 0.050
1535 	 0.030
1536 	 0.020
1537 	 0.100
1538 	 0.020
1539 	 0.050
1540 	 0.030
1541 	 0.030
1542 	 0.030
1543 	 0.050
1544 	 0.040
1545 	 0.050
1546 	 0.000
1547 	 0.020
1548 	 0.060
1549 	 0.030
1550 	 0.010
1551 	 0.030
1552 	 0.040
1553 	 0.050
1554 	 0.030
1555 	 0.010
1556 	 0.050
1557 	 0.060
1558 	 0.050
1559 	 0.070
1560 	 0.050
1561 	 0.030
1562 	 0.020
1563 	 0.030
1564 	 0.030
1565 	 0.050
1566 	 0.050
1567 	 0.000
1568 	 0.030
1569 	 0.050
1570 	 0.050
1571 	 0.050
1572 	 0.080
1573 	 0.040
1574 	 0.050
1575 	 0.030
1576 	 0.060
1577 	 0.020
1578 	 0.050
1579 	 0.060
1580 	 0.020
1581 	 0.030
1582 	 0.050
1583 	 0.070
1584 	 0.030
1585 	 0.010
1586 	 0.040
1587 	 0.010
1588 	 0.040
1589 	 0.010
1590 	 0.030
1591 	 0.030
1592 	 0.030
1593 	 0.040
1594 	 0.040
1595 	 0.000
1596 	 0.020
1597 	 0.030
1598 	 0.020
1599 	 0.040
1600 	 0.020
1601 	 0.070
1602 	 0.030
1603 	 0.060
1604 	 0.030
1605 	 0.000
1606 	 0.040
1607 	 0.010
1608 	 0.030
1609 	 0.050
1610 	 0.020
1611 	 0.030
1612 	 0.070
1613 	 0.030
1614 	 0.050
1615 	 0.030
1616 	 0.050
1617 	 0.060
1618 	 0.050
1619 	 0.020
1620 	 0.020
1621 	 0.060
1622 	 0.040
1623 	 0.060
1624 	 0.030
1625 	 0.040
1626 	 0.060
1627 	 0.020
1628 	 0.020
1629 	 0.030
1630 	 0.020
1631 	 0.010
1632 	 0.050
1633 	 0.040
1634 	 0.070
1635 	 0.060
1636 	 0.070
1637 	 0.040
1638 	 0.040
1639 	 0.030
1640 	 0.060
1641 	 0.050
1642 	 0.040
1643 	 0.070
1644 	 0.050
1645 	 0.050
1646 	 0.030
1647 	 0.100
1648 	 0.040
1649 	 0.010
1650 	 0.020
1651 	 0.030
1652 	 0.050
1653 	 0.010
1654 	 0.020
1655 	 0.030
1656 	 0.010
1657 	 0.050
1658 	 0.020
1659 	 0.020
1660 	 0.030
1661 	 0.030
1662 	 0.020
1663 	 0.050
1664 	 0.050
1665 	 0.030
1666 	 0.030
1667 	 0.050
1668 	 0.080
1669 	 0.040
1670 	 0.050
1671 	 0.040
1672 	 0.010
1673 	 0.030
1674 	 0.020
1675 	 0.040
1676 	 0.050
1677 	 0.030
1678 	 0.000
1679 	 0.020
1680 	 0.030
1681 	 0.070
1682 	 0.030
1683 	 0.060
1684 	 0.030
1685 	 0.040
1686 	 0.040
1687 	 0.070
1688 	 0.030
1689 	 0.020
1690 	 0.070
1691 	 0.030
1692 	 0.030
1693 	 0.060
1694 	 0.030
1695 	 0.020
1696 	 0.020
1697 	 0.050
1698 	 0.050
1699 	 0.020
1700 	 0.010
1701 	 0.010
1702 	 0.030
1703 	 0.030
1704 	 0.000
1705 	 0.060
1706 	 0.000
1707 	 0.040
1708 	 0.050
1709 	 0.010
1710 	 0.040
1711 	 0.030
1712 	 0.020
1713 	 0.040
1714 	 0.030
1715 	 0.010
1716 	 0.010
1717 	 0.040
1718 	 0.030
1719 	 0.020
1720 	 0.030
1721 	 0.070
1722 	 0.100
1723 	 0.030
1724 	 0.020
1725 	 0.020
1726 	 0.020
1727 	 0.010
1728 	 0.040
1729 	 0.030
1730 	 0.030
1731 	 0.020
1732 	 0.010
1733 	 0.030
1734 	 0.070
1735 	 0.040
1736 	 0.040
1737 	 0.040
1738 	 0.030
1739 	 0.010
1740 	 0.040
1741 	 0.080
1742 	 0.060
1743 	 0.060
1744 	 0.030
1745 	 0.030
1746 	 0.010
1747 	 0.020
1748 	 0.050
1749 	 0.050
1750 	 0.040
1751 	 0.020
1752 	 0.060
1753 	 0.010
1754 	 0.010
1755 	 0.020
1756 	 0.070
1757 	 0.040
1758 	 0.000
1759 	 0.020
1760 	 0.010
1761 	 0.020
1762 	 0.010
1763 	 0.050
1764 	 0.020
1765 	 0.060
1766 	 0.010
1767 	 0.020
1768 	 0.020
1769 	 0.010
1770 	 0.020
1771 	 0.030
1772 	 0.020
1773 	 0.040
1774 	 0.040
1775 	 0.040
1776 	 0.000
1777 	 0.050
1778 	 0.000
1779 	 0.040
1780 	 0.040
1781 	 0.070
1782 	 0.020
1783 	 0.010
1784 	 0.040
1785 	 0.010
1786 	 0.000
1787 	 0.050
1788 	 0.050
1789 	 0.030
1790 	 0.030
1791 	 0.020
1792 	 0.030
1793 	 0.020
1794 	 0.030
1795 	 0.040
1796 	 0.010
1797 	 0.030
1798 	 0.070
1799 	 0.030
1800 	 0.020
1801 	 0.070
1802 	 0.070
1803 	 0.060
1804 	 0.040
1805 	 0.020
1806 	 0.020
1807 	 0.070
1808 	 0.020
1809 	 0.050
1810 	 0.030
1811 	 0.010
1812 	 0.040
1813 	 0.050
1814 	 0.020
1815 	 0.070
1816 	 0.060
1817 	 0.040
1818 	 0.030
1819 	 0.040
1820 	 0.030
1821 	 0.020
1822 	 0.060
1823 	 0.040
1824 	 0.030
1825 	 0.020
1826 	 0.040
1827 	 0.030
1828 	 0.020
1829 	 0.010
1830 	 0.010
1831 	 0.020
1832 	 0.050
1833 	 0.030
1834 	 0.070
1835 	 0.020
1836 	 0.060
1837 	 0.080
1838 	 0.020
1839 	 0.000
1840 	 0.020
1841 	 0.000
1842 	 0.020
1843 	 0.040
1844 	 0.030
1845 	 0.000
1846 	 0.000
1847 	 0.030
1848 	 0.010
1849 	 0.030
1850 	 0.040
1851 	 0.010
1852 	 0.020
1853 	 0.020
1854 	 0.040
1855 	 0.020
1856 	 0.040
1857 	 0.030
1858 	 0.010
1859 	 0.010
1860 	 0.010
1861 	 0.030
1862 	 0.020
1863 	 0.060
1864 	 0.010
1865 	 0.080
1866 	 0.030
1867 	 0.030
1868 	 0.020
1869 	 0.030
1870 	 0.010
1871 	 0.060
1872 	 0.010
1873 	 0.050
1874 	 0.070
1875 	 0.010
1876 	 0.010
1877 	 0.010
1878 	 0.030
1879 	 0.020
1880 	 0.010
1881 	 0.020
1882 	 0.020
1883 	 0.030
1884 	 0.000
1885 	 0.020
1886 	 0.040
1887 	 0.030
1888 	 0.050
1889 	 0.030
1890 	 0.040
1891 	 0.010
1892 	 0.010
1893 	 0.020
1894 	 0.000
1895 	 0.050
1896 	 0.010
1897 	 0.010
1898 	 0.040
1899 	 0.010
1900 	 0.060
1901 	 0.020
1902 	 0.040
1903 	 0.040
1904 	 0.020
1905 	 0.020
1906 	 0.030
1907 	 0.020
1908 	 0.030
1909 	 0.030
1910 	 0.040
1911 	 0.040
1912 	 0.000
1913 	 0.030
1914 	 0.020
1915 	 0.010
1916 	 0.000
1917 	 0.050
1918 	 0.020
1919 	 0.010
1920 	 0.030
1921 	 0.030
1922 	 0.020
1923 	 0.030
1924 	 0.040
1925 	 0.040
1926 	 0.010
1927 	 0.030
1928 	 0.030
1929 	 0.070
1930 	 0.010
1931 	 0.050
1932 	 0.040
1933 	 0.010
1934 	 0.010
1935 	 0.010
1936 	 0.050
1937 	 0.020
1938 	 0.040
1939 	 0.000
1940 	 0.020
1941 	 0.030
1942 	 0.050
1943 	 0.010
1944 	 0.030
1945 	 0.040
1946 	 0.010
1947 	 0.040
1948 	 0.030
1949 	 0.020
1950 	 0.040
1951 	 0.000
1952 	 0.020
1953 	 0.030
1954 	 0.020
1955 	 0.000
1956 	 0.030
1957 	 0.020
1958 	 0.030
1959 	 0.000
1960 	 0.000
1961 	 0.010
1962 	 0.020
1963 	 0.010
1964 	 0.010
1965 	 0.000
1966 	 0.060
1967 	 0.010
1968 	 0.030
1969 	 0.040
1970 	 0.020
1971 	 0.000
1972 	 0.060
1973 	 0.010
1974 	 0.000
1975 	 0.030
1976 	 0.030
1977 	 0.020
1978 	 0.030
1979 	 0.020
1980 	 0.030
1981 	 0.010
1982 	 0.030
1983 	 0.050
1984 	 0.040
1985 	 0.020
1986 	 0.010
1987 	 0.030
1988 	 0.010
1989 	 0.040
1990 	 0.030
1991 	 0.030
1992 	 0.030
1993 	 0.000
1994 	 0.060
1995 	 0.010
1996 	 0.010
1997 	 0.020
1998 	 0.030
1999 	 0.020
2000 	 0.040
2001 	 0.010
2002 	 0.020
2003 	 0.040
2004 	 0.010
2005 	 0.010
2006 	 0.010
2007 	 0.010
2008 	 0.010
2009 	 0.000
2010 	 0.040
2011 	 0.010
2012 	 0.020
2013 	 0.010
2014 	 0.030
2015 	 0.010
2016 	 0.020
2017 	 0.040
2018 	 0.010
2019 	 0.030
2020 	 0.010
2021 	 0.010
2022 	 0.000
2023 	 0.010
2024 	 0.000
2025 	 0.030
2026 	 0.020
2027 	 0.040
2028 	 0.040
2029 	 0.020
2030 	 0.040
2031 	 0.050
2032 	 0.030
2033 	 0.020
2034 	 0.050
2035 	 0.010
2036 	 0.010
2037 	 0.030
2038 	 0.060
2039 	 0.090
2040 	 0.010
2041 	 0.010
2042 	 0.020
2043 	 0.010
2044 	 0.040
2045 	 0.020
2046 	 0.030
2047 	 0.000
2048 	 0.020
2049 	 0.020
2050 	 0.000
2051 	 0.030
2052 	 0.030
2053 	 0.020
2054 	 0.040
2055 	 0.030
2056 	 0.030
2057 	 0.040
2058 	 0.020
2059 	 0.010
2060 	 0.000
2061 	 0.020
2062 	 0.020
2063 	 0.010
2064 	 0.020
2065 	 0.050
2066 	 0.010
2067 	 0.030
2068 	 0.030
2069 	 0.020
2070 	 0.010
2071 	 0.040
2072 	 0.000
2073 	 0.010
2074 	 0.020
2075 	 0.030
2076 	 0.020
2077 	 0.020
2078 	 0.030
2079 	 0.010
2080 	 0.020
2081 	 0.030
2082 	 0.010
2083 	 0.010
2084 	 0.040
2085 	 0.030
2086 	 0.010
2087 	 0.020
2088 	 0.000
2089 	 0.000
2090 	 0.010
2091 	 0.030
2092 	 0.010
2093 	 0.010
2094 	 0.010
2095 	 0.010
2096 	 0.030
2097 	 0.000
2098 	 0.030
2099 	 0.000
2100 	 0.040
2101 	 0.040
2102 	 0.020
2103 	 0.030
2104 	 0.010
2105 	 0.050
2106 	 0.040
2107 	 0.000
2108 	 0.070
2109 	 0.000
2110 	 0.010
2111 	 0.040
2112 	 0.050
2113 	 0.010
2114 	 0.000
2115 	 0.010
2116 	 0.020
2117 	 0.020
2118 	 0.000
2119 	 0.000
2120 	 0.010
2121 	 0.030
2122 	 0.010
2123 	 0.020
2124 	 0.010
2125 	 0.030
2126 	 0.010
2127 	 0.010
2128 	 0.030
2129 	 0.020
2130 	 0.020
2131 	 0.070
2132 	 0.010
2133 	 0.020
2134 	 0.030
2135 	 0.030
2136 	 0.020
2137 	 0.040
2138 	 0.030
2139 	 0.010
2140 	 0.010
2141 	 0.010
2142 	 0.010
2143 	 0.000
2144 	 0.000
2145 	 0.020
2146 	 0.010
2147 	 0.030
2148 	 0.010
2149 	 0.020
2150 	 0.020
2151 	 0.000
2152 	 0.010
2153 	 0.030
2154 	 0.000
2155 	 0.020
2156 	 0.010
2157 	 0.010
2158 	 0.010
2159 	 0.010
2160 	 0.030
2161 	 0.020
2162 	 0.050
2163 	 0.000
2164 	 0.070
2165 	 0.010
2166 	 0.020
2167 	 0.030
2168 	 0.030
2169 	 0.010
2170 	 0.000
2171 	 0.030
2172 	 0.020
2173 	 0.020
2174 	 0.020
2175 	 0.010
2176 	 0.000
2177 	 0.010
2178 	 0.020
2179 	 0.020
2180 	 0.000
2181 	 0.000
2182 	 0.020
2183 	 0.050
2184 	 0.010
2185 	 0.040
2186 	 0.020
2187 	 0.020
2188 	 0.020
2189 	 0.030
2190 	 0.030
2191 	 0.010
2192 	 0.030
2193 	 0.040
2194 	 0.020
2195 	 0.020
2196 	 0.000
2197 	 0.010
2198 	 0.030
2199 	 0.050
2200 	 0.040
2201 	 0.030
2202 	 0.000
2203 	 0.020
2204 	 0.040
2205 	 0.020
2206 	 0.030
2207 	 0.040
2208 	 0.020
2209 	 0.030
2210 	 0.030
2211 	 0.000
2212 	 0.000
2213 	 0.020
2214 	 0.030
2215 	 0.010
2216 	 0.020
2217 	 0.010
2218 	 0.030
2219 	 0.000
2220 	 0.010
2221 	 0.050
2222 	 0.000
2223 	 0.040
2224 	 0.030
2225 	 0.010
2226 	 0.020
2227 	 0.030
2228 	 0.040
2229 	 0.010
2230 	 0.010
2231 	 0.030
2232 	 0.010
2233 	 0.000
2234 	 0.030
2235 	 0.030
2236 	 0.030
2237 	 0.020
2238 	 0.020
2239 	 0.000
2240 	 0.030
2241 	 0.020
2242 	 0.020
2243 	 0.010
2244 	 0.010
2245 	 0.010
2246 	 0.020
2247 	 0.010
2248 	 0.020
2249 	 0.050
2250 	 0.010
2251 	 0.010
2252 	 0.000
2253 	 0.010
2254 	 0.020
2255 	 0.010
2256 	 0.060
2257 	 0.030
2258 	 0.010
2259 	 0.000
2260 	 0.030
2261 	 0.010
2262 	 0.030
2263 	 0.020
2264 	 0.020
2265 	 0.030
2266 	 0.030
2267 	 0.030
2268 	 0.010
2269 	 0.020
2270 	 0.010
2271 	 0.020
2272 	 0.000
2273 	 0.030
2274 	 0.010
2275 	 0.020
2276 	 0.000
2277 	 0.030
2278 	 0.020
2279 	 0.020
2280 	 0.000
2281 	 0.010
2282 	 0.020
2283 	 0.030
2284 	 0.020
2285 	 0.010
2286 	 0.010
2287 	 0.010
2288 	 0.010
2289 	 0.030
2290 	 0.010
2291 	 0.020
2292 	 0.040
2293 	 0.010
2294 	 0.000
2295 	 0.020
2296 	 0.000
2297 	 0.010
2298 	 0.010
2299 	 0.020
2300 	 0.010
2301 	 0.010
2302 	 0.030
2303 	 0.020
2304 	 0.020
2305 	 0.000
2306 	 0.010
2307 	 0.000
2309 	 0.000
2310 	 0.020
2311 	 0.000
2313 	 0.000
2314 	 0.020
2315 	 0.030
2316 	 0.010
2317 	 0.040
2318 	 0.010
2319 	 0.010
2320 	 0.010
2321 	 0.030
2322 	 0.030
2323 	 0.010
2324 	 0.060
2325 	 0.010
2326 	 0.030
2327 	 0.000
2328 	 0.020
2329 	 0.030
2330 	 0.020
2331 	 0.000
2332 	 0.000
2333 	 0.030
2334 	 0.010
2335 	 0.030
2336 	 0.010
2337 	 0.000
2338 	 0.020
2339 	 0.010
2340 	 0.000
2341 	 0.030
2342 	 0.030
2343 	 0.010
2344 	 0.010
2345 	 0.020
2346 	 0.000
2347 	 0.010
2348 	 0.010
2349 	 0.020
2350 	 0.060
2351 	 0.000
2352 	 0.000
2353 	 0.050
2354 	 0.030
2355 	 0.010
2356 	 0.030
2357 	 0.010
2358 	 0.040
2359 	 0.050
2360 	 0.010
2361 	 0.010
2362 	 0.000
2363 	 0.030
2364 	 0.030
2365 	 0.030
2366 	 0.010
2367 	 0.030
2368 	 0.030
2369 	 0.030
2370 	 0.010
2371 	 0.010
2372 	 0.010
2373 	 0.010
2374 	 0.010
2375 	 0.050
2376 	 0.030
2377 	 0.020
2378 	 0.020
2379 	 0.030
2380 	 0.020
2381 	 0.000
2382 	 0.000
2383 	 0.010
2384 	 0.020
2385 	 0.010
2386 	 0.030
2387 	 0.000
2388 	 0.010
2389 	 0.020
2390 	 0.020
2391 	 0.040
2392 	 0.020
2393 	 0.010
2394 	 0.010
2395 	 0.020
2396 	 0.010
2397 	 0.020
2398 	 0.010
2399 	 0.020
2400 	 0.040
2401 	 0.010
2402 	 0.010
2403 	 0.020
2404 	 0.020
2405 	 0.000
2406 	 0.000
2407 	 0.020
2408 	 0.010
2409 	 0.030
2410 	 0.000
2411 	 0.040
2412 	 0.050
2413 	 0.010
2414 	 0.000
2415 	 0.010
2416 	 0.000
2417 	 0.010
2418 	 0.000
2419 	 0.020
2420 	 0.000
2421 	 0.030
2422 	 0.010
2423 	 0.020
2424 	 0.010
2425 	 0.020
2426 	 0.010
2427 	 0.010
2428 	 0.000
2429 	 0.010
2430 	 0.030
2431 	 0.020
2432 	 0.010
2433 	 0.010
2434 	 0.010
2435 	 0.010
2436 	 0.020
2437 	 0.000
2438 	 0.020
2439 	 0.020
2440 	 0.010
2441 	 0.010
2442 	 0.010
2443 	 0.020
2444 	 0.010
2445 	 0.010
2446 	 0.030
2447 	 0.000
2448 	 0.000
2449 	 0.010
2450 	 0.020
2451 	 0.030
2452 	 0.020
2453 	 0.010
2454 	 0.000
2455 	 0.010
2456 	 0.000
2457 	 0.020
2458 	 0.000
2459 	 0.010
2460 	 0.020
2461 	 0.020
2462 	 0.020
2463 	 0.010
2464 	 0.020
2465 	 0.030
2466 	 0.000
2467 	 0.010
2468 	 0.010
2469 	 0.020
2470 	 0.020
2471 	 0.020
2472 	 0.010
2473 	 0.040
2474 	 0.020
2475 	 0.030
2476 	 0.020
2477 	 0.030
2478 	 0.010
2479 	 0.020
2480 	 0.000
2481 	 0.010
2482 	 0.010
2483 	 0.010
2484 	 0.020
2485 	 0.000
2486 	 0.020
2487 	 0.010
2488 	 0.040
2489 	 0.010
2490 	 0.010
2491 	 0.020
2492 	 0.040
2493 	 0.000
2494 	 0.040
2495 	 0.030
2496 	 0.010
2497 	 0.010
2498 	 0.020
2499 	 0.020
2500 	 0.030
2501 	 0.020
2502 	 0.040
2503 	 0.050
2504 	 0.000
2505 	 0.010
2506 	 0.020
2507 	 0.020
2508 	 0.000
2509 	 0.010
2510 	 0.010
2511 	 0.000
2512 	 0.000
2513 	 0.010
2514 	 0.000
2515 	 0.010
2516 	 0.000
2517 	 0.040
2518 	 0.030
2519 	 0.010
2520 	 0.030
2521 	 0.020
2522 	 0.010
2523 	 0.010
2524 	 0.000
2525 	 0.010
2526 	 0.000
2527 	 0.010
2528 	 0.000
2529 	 0.020
2530 	 0.020
2531 	 0.010
2532 	 0.010
2533 	 0.000
2534 	 0.020
2535 	 0.010
2536 	 0.000
2537 	 0.000
2538 	 0.030
2539 	 0.000
2540 	 0.010
2541 	 0.010
2542 	 0.010
2543 	 0.020
2544 	 0.000
2545 	 0.010
2546 	 0.020
2547 	 0.020
2548 	 0.030
2549 	 0.000
2550 	 0.000
2551 	 0.010
2552 	 0.030
2553 	 0.010
2554 	 0.010
2555 	 0.030
2556 	 0.020
2557 	 0.020
2558 	 0.010
2559 	 0.010
2560 	 0.020
2561 	 0.010
2562 	 0.010
2563 	 0.010
2564 	 0.020
2565 	 0.000
2566 	 0.020
2567 	 0.020
2568 	 0.030
2569 	 0.010
2570 	 0.020
2571 	 0.020
2572 	 0.000
2573 	 0.060
2574 	 0.010
2575 	 0.010
2576 	 0.020
2577 	 0.020
2578 	 0.020
2579 	 0.020
2580 	 0.010
2581 	 0.030
2582 	 0.030
2583 	 0.000
2584 	 0.020
2585 	 0.010
2586 	 0.030
2587 	 0.020
2588 	 0.000
2589 	 0.000
2590 	 0.030
2591 	 0.010
2592 	 0.030
2593 	 0.000
2595 	 0.000
2596 	 0.020
2597 	 0.010
2598 	 0.020
2599 	 0.000
2600 	 0.000
2601 	 0.010
2602 	 0.010
2603 	 0.010
2604 	 0.020
2605 	 0.050
2606 	 0.010
2607 	 0.030
2608 	 0.030
2609 	 0.020
2610 	 0.010
2611 	 0.010
2612 	 0.010
2613 	 0.000
2614 	 0.000
2615 	 0.010
2616 	 0.030
2617 	 0.010
2618 	 0.010
2619 	 0.010
2620 	 0.000
2621 	 0.030
2622 	 0.010
2623 	 0.010
2624 	 0.030
2625 	 0.010
2626 	 0.020
2627 	 0.020
2628 	 0.010
2629 	 0.020
2630 	 0.030
2631 	 0.030
2632 	 0.010
2633 	 0.020
2634 	 0.040
2635 	 0.010
2636 	 0.000
2637 	 0.000
2638 	 0.040
2639 	 0.020
2640 	 0.000
2641 	 0.040
2642 	 0.020
2643 	 0.020
2644 	 0.010
2645 	 0.000
2646 	 0.030
2647 	 0.000
2648 	 0.020
2649 	 0.010
2650 	 0.010
2651 	 0.000
2652 	 0.000
2653 	 0.010
2654 	 0.000
2655 	 0.020
2656 	 0.020
2657 	 0.000
2658 	 0.000
2659 	 0.010
2660 	 0.010
2661 	 0.010
2662 	 0.010
2663 	 0.010
2664 	 0.000
2665 	 0.020
2666 	 0.000
2667 	 0.000
2668 	 0.010
2669 	 0.020
2670 	 0.010
2671 	 0.020
2672 	 0.000
2673 	 0.000
2674 	 0.020
2675 	 0.000
2676 	 0.010
2677 	 0.010
2678 	 0.010
2679 	 0.000
2680 	 0.030
2681 	 0.010
2682 	 0.010
2683 	 0.020
2684 	 0.020
2685 	 0.010
2686 	 0.000
2687 	 0.020
2688 	 0.020
2689 	 0.000
2690 	 0.020
2691 	 0.010
2692 	 0.010
2693 	 0.000
2694 	 0.010
2695 	 0.010
2696 	 0.000
2697 	 0.040
2698 	 0.010
2699 	 0.020
2700 	 0.020
2701 	 0.030
2702 	 0.000
2703 	 0.010
2704 	 0.020
2705 	 0.020
2706 	 0.000
2707 	 0.000
2708 	 0.010
2709 	 0.000
2710 	 0.010
2711 	 0.020
2712 	 0.000
2713 	 0.010
2714 	 0.020
2715 	 0.000
2716 	 0.010
2717 	 0.010
2718 	 0.010
2719 	 0.020
2720 	 0.020
2721 	 0.010
2722 	 0.000
2723 	 0.010
2724 	 0.010
2725 	 0.010
2726 	 0.040
2727 	 0.000
2728 	 0.040
2729 	 0.030
2730 	 0.000
2731 	 0.010
2732 	 0.000
2733 	 0.010
2734 	 0.020
2735 	 0.010
2736 	 0.000
2737 	 0.000
2738 	 0.020
2739 	 0.030
2740 	 0.010
2741 	 0.010
2742 	 0.000
2747 	 0.000
2748 	 0.010
2749 	 0.010
2750 	 0.000
2751 	 0.020
2752 	 0.010
2753 	 0.030
2754 	 0.000
2755 	 0.000
2756 	 0.020
2757 	 0.030
2758 	 0.010
2759 	 0.030
2760 	 0.000
2761 	 0.030
2762 	 0.030
2763 	 0.000
2764 	 0.030
2765 	 0.000
2766 	 0.040
2767 	 0.020
2768 	 0.010
2769 	 0.010
2770 	 0.010
2771 	 0.010
2772 	 0.030
2773 	 0.030
2774 	 0.000
2775 	 0.020
2776 	 0.010
2777 	 0.000
2778 	 0.010
2779 	 0.010
2780 	 0.010
2781 	 0.010
2782 	 0.010
2783 	 0.000
2784 	 0.000
2785 	 0.010
2786 	 0.010
2787 	 0.030
2788 	 0.030
2789 	 0.020
2790 	 0.020
2791 	 0.010
2792 	 0.010
2793 	 0.030
2794 	 0.020
2795 	 0.010
2796 	 0.010
2797 	 0.020
2798 	 0.010
2799 	 0.010
2800 	 0.010
2801 	 0.000
2802 	 0.020
2803 	 0.020
2804 	 0.020
2805 	 0.010
2806 	 0.020
2807 	 0.010
2808 	 0.010
2809 	 0.000
2810 	 0.050
2811 	 0.040
2812 	 0.020
2813 	 0.020
2814 	 0.000
2815 	 0.030
2816 	 0.010
2817 	 0.010
2818 	 0.010
2819 	 0.010
2820 	 0.000
2821 	 0.000
2822 	 0.020
2823 	 0.010
2824 	 0.010
2825 	 0.020
2826 	 0.010
2827 	 0.000
2828 	 0.010
2829 	 0.020
2830 	 0.000
2833 	 0.000
2834 	 0.010
2835 	 0.010
2836 	 0.010
2837 	 0.030
2838 	 0.000
2839 	 0.030
2840 	 0.000
2841 	 0.000
2842 	 0.020
2843 	 0.010
2844 	 0.010
2845 	 0.020
2846 	 0.000
2847 	 0.000
2848 	 0.010
2849 	 0.020
2850 	 0.000
2851 	 0.050
2852 	 0.020
2853 	 0.000
2854 	 0.010
2855 	 0.000
2856 	 0.010
2857 	 0.020
2858 	 0.020
2859 	 0.000
2860 	 0.000
2861 	 0.010
2862 	 0.020
2863 	 0.010
2864 	 0.010
2865 	 0.020
2866 	 0.000
2867 	 0.010
2868 	 0.000
2869 	 0.010
2870 	 0.030
2871 	 0.010
2872 	 0.010
2873 	 0.000
2874 	 0.020
2875 	 0.000
2876 	 0.010
2877 	 0.020
2878 	 0.010
2879 	 0.010
2880 	 0.010
2881 	 0.010
2882 	 0.020
2883 	 0.010
2884 	 0.020
2885 	 0.010
2886 	 0.020
2887 	 0.030
2888 	 0.000
2889 	 0.000
2890 	 0.010
2891 	 0.000
2893 	 0.000
2894 	 0.010
2895 	 0.010
2896 	 0.000
2897 	 0.040
2898 	 0.000
2899 	 0.020
2900 	 0.000
2901 	 0.010
2902 	 0.000
2903 	 0.000
2904 	 0.020
2905 	 0.000
2906 	 0.030
2907 	 0.010
2908 	 0.000
2909 	 0.030
2910 	 0.020
2911 	 0.010
2912 	 0.010
2913 	 0.000
2914 	 0.010
2915 	 0.010
2916 	 0.010
2917 	 0.010
2918 	 0.000
2919 	 0.000
2920 	 0.010
2921 	 0.020
2922 	 0.010
2923 	 0.020
2924 	 0.020
2925 	 0.000
2927 	 0.000
2928 	 0.020
2929 	 0.010
2930 	 0.030
2931 	 0.000
2932 	 0.010
2933 	 0.010
2934 	 0.010
2935 	 0.020
2936 	 0.010
2937 	 0.010
2938 	 0.000
2940 	 0.000
2941 	 0.010
2942 	 0.010
2943 	 0.000
2944 	 0.000
2945 	 0.020
2946 	 0.000
2947 	 0.020
2948 	 0.000
2949 	 0.020
2950 	 0.010
2951 	 0.010
2952 	 0.030
2953 	 0.000
2954 	 0.000
2955 	 0.020
2956 	 0.000
2957 	 0.040
2958 	 0.020
2959 	 0.010
2960 	 0.000
2961 	 0.030
2962 	 0.010
2963 	 0.010
2964 	 0.010
2965 	 0.000
2966 	 0.010
2967 	 0.000
2968 	 0.020
2969 	 0.020
2970 	 0.010
2971 	 0.010
2972 	 0.040
2973 	 0.010
2974 	 0.010
2975 	 0.020
2976 	 0.010
2977 	 0.010
2978 	 0.010
2979 	 0.000
2980 	 0.010
2981 	 0.010
2982 	 0.000
2983 	 0.020
2984 	 0.020
2985 	 0.020
2986 	 0.010
2987 	 0.020
2988 	 0.010
2989 	 0.010
2990 	 0.020
2991 	 0.020
2992 	 0.010
2993 	 0.030
2994 	 0.010
2995 	 0.000
2996 	 0.010
2997 	 0.000
2999 	 0.000
3000 	 0.010
3001 	 0.000
3004 	 0.000
3005 	 0.010
3006 	 0.000
3007 	 0.000
3008 	 0.010
3009 	 0.000
3010 	 0.020
3011 	 0.010
3012 	 0.010
3013 	 0.000
3014 	 0.000
3015 	 0.010
3016 	 0.010
3017 	 0.010
3018 	 0.010
3019 	 0.000
3022 	 0.000
3023 	 0.030
3024 	 0.010
3025 	 0.000
3026 	 0.030
3027 	 0.000
3028 	 0.010
3029 	 0.000
3030 	 0.020
3031 	 0.020
3032 	 0.000
3033 	 0.000
3034 	 0.010
3035 	 0.000
3036 	 0.030
3037 	 0.050
3038 	 0.010
3039 	 0.010
3040 	 0.020
3041 	 0.010
3042 	 0.000
3043 	 0.010
3044 	 0.030
3045 	 0.000
3046 	 0.020
3047 	 0.010
3048 	 0.010
3049 	 0.020
3050 	 0.020
3051 	 0.000
3052 	 0.010
3053 	 0.000
3055 	 0.000
3056 	 0.020
3057 	 0.010
3058 	 0.000
3059 	 0.030
3060 	 0.030
3061 	 0.000
3062 	 0.000
3063 	 0.010
3064 	 0.020
3065 	 0.010
3066 	 0.000
3067 	 0.010
3068 	 0.030
3069 	 0.000
3070 	 0.000
3071 	 0.020
3072 	 0.020
3073 	 0.000
3074 	 0.010
3075 	 0.020
3076 	 0.010
3077 	 0.010
3078 	 0.000
3079 	 0.030
3080 	 0.010
3081 	 0.000
3083 	 0.000
3084 	 0.030
3085 	 0.000
3086 	 0.000
3087 	 0.020
3088 	 0.010
3089 	 0.000
3090 	 0.020
3091 	 0.000
3092 	 0.010
3093 	 0.000
3095 	 0.000
3096 	 0.010
3097 	 0.000
3098 	 0.010
3099 	 0.010
3100 	 0.020
3101 	 0.000
3102 	 0.010
3103 	 0.020
3104 	 0.000
3105 	 0.010
3106 	 0.010
3107 	 0.000
3110 	 0.000
3111 	 0.030
3112 	 0.000
3113 	 0.020
3114 	 0.000
3115 	 0.020
3116 	 0.000
3118 	 0.000
3119 	 0.010
3120 	 0.010
3121 	 0.000
3124 	 0.000
3125 	 0.020
3126 	 0.010
3127 	 0.000
3128 	 0.020
3129 	 0.010
3130 	 0.000
3133 	 0.000
3134 	 0.050
3135 	 0.000
3137 	 0.000
3138 	 0.010
3139 	 0.010
3140 	 0.000
3142 	 0.000
3143 	 0.010
3144 	 0.010
3145 	 0.010
3146 	 0.010
3147 	 0.000
3149 	 0.000
3150 	 0.010
3151 	 0.020
3152 	 0.020
3153 	 0.010
3154 	 0.020
3155 	 0.010
3156 	 0.000
3157 	 0.010
3158 	 0.020
3159 	 0.010
3160 	 0.010
3161 	 0.000
3162 	 0.020
3163 	 0.010
3164 	 0.010
3165 	 0.010
3166 	 0.010
3167 	 0.000
3168 	 0.000
3169 	 0.030
3170 	 0.020
3171 	 0.040
3172 	 0.030
3173 	 0.000
3177 	 0.000
3178 	 0.020
3179 	 0.000
3180 	 0.010
3181 	 0.010
3182 	 0.010
3183 	 0.010
3184 	 0.000
3185 	 0.020
3186 	 0.000
3188 	 0.000
3189 	 0.010
3190 	 0.000
3191 	 0.010
3192 	 0.010
3193 	 0.000
3194 	 0.000
3195 	 0.010
3196 	 0.020
3197 	 0.000
3198 	 0.010
3199 	 0.010
3200 	 0.000
3201 	 0.010
3202 	 0.000
3203 	 0.020
3204 	 0.040
3205 	 0.010
3206 	 0.000
3207 	 0.020
3208 	 0.010
3209 	 0.000
3210 	 0.010
3211 	 0.000
3214 	 0.000
3215 	 0.020
3216 	 0.000
3217 	 0.030
3218 	 0.020
3219 	 0.000
3220 	 0.030
3221 	 0.040
3222 	 0.010
3223 	 0.000
3225 	 0.000
3226 	 0.020
3227 	 0.000
3228 	 0.010
3229 	 0.010
3230 	 0.000
3232 	 0.000
3233 	 0.010
3234 	 0.010
3235 	 0.010
3236 	 0.000
3237 	 0.010
3238 	 0.000
3239 	 0.010
3240 	 0.020
3241 	 0.000
3242 	 0.020
3243 	 0.000
3244 	 0.010
3245 	 0.010
3246 	 0.000
3248 	 0.000
3249 	 0.010
3250 	 0.010
3251 	 0.020
3252 	 0.010
3253 	 0.000
3256 	 0.000
3257 	 0.010
3258 	 0.010
3259 	 0.010
3260 	 0.000
3261 	 0.020
3262 	 0.010
3263 	 0.000
3264 	 0.020
3265 	 0.000
3266 	 0.000
3267 	 0.010
3268 	 0.010
3269 	 0.010
3270 	 0.010
3271 	 0.010
3272 	 0.010
3273 	 0.000
3275 	 0.000
3276 	 0.010
3277 	 0.010
3278 	 0.010
3279 	 0.010
3280 	 0.020
3281 	 0.010
3282 	 0.010
3283 	 0.020
3284 	 0.020
3285 	 0.000
3286 	 0.000
3287 	 0.010
3288 	 0.000
3289 	 0.030
3290 	 0.020
3291 	 0.000
3292 	 0.000
3293 	 0.010
3294 	 0.010
3295 	 0.000
3296 	 0.000
3297 	 0.010
3298 	 0.020
3299 	 0.000
3303 	 0.000
3304 	 0.020
3305 	 0.010
3306 	 0.010
3307 	 0.010
3308 	 0.010
3309 	 0.010
3310 	 0.040
3311 	 0.000
3312 	 0.010
3313 	 0.010
3314 	 0.000
3315 	 0.010
3316 	 0.010
3317 	 0.000
3318 	 0.000
3319 	 0.010
3320 	 0.000
3321 	 0.010
3322 	 0.010
3323 	 0.000
3324 	 0.000
3325 	 0.010
3326 	 0.010
3327 	 0.010
3328 	 0.000
3329 	 0.000
3330 	 0.010
3331 	 0.020
3332 	 0.000
3336 	 0.000
3337 	 0.020
3338 	 0.000
3339 	 0.010
3340 	 0.010
3341 	 0.010
3342 	 0.000
3345 	 0.000
3346 	 0.030
3347 	 0.020
3348 	 0.000
3349 	 0.010
3350 	 0.010
3351 	 0.000
3352 	 0.030
3353 	 0.000
3355 	 0.000
3356 	 0.020
3357 	 0.030
3358 	 0.000
3359 	 0.010
3360 	 0.010
3361 	 0.010
3362 	 0.010
3363 	 0.010
3364 	 0.010
3365 	 0.020
3366 	 0.010
3367 	 0.010
3368 	 0.000
3369 	 0.010
3370 	 0.000
3371 	 0.030
3372 	 0.000
3373 	 0.010
3374 	 0.000
3375 	 0.010
3376 	 0.000
3377 	 0.000
3378 	 0.010
3379 	 0.010
3380 	 0.000
3381 	 0.030
3382 	 0.000
3383 	 0.010
3384 	 0.010
3385 	 0.000
3387 	 0.000
3388 	 0.010
3389 	 0.010
3390 	 0.010
3391 	 0.000
3392 	 0.000
3393 	 0.010
3394 	 0.000
3395 	 0.010
3396 	 0.010
3397 	 0.010
3398 	 0.010
3399 	 0.000
3401 	 0.000
3402 	 0.010
3403 	 0.000
3404 	 0.010
3405 	 0.000
3407 	 0.000
3408 	 0.020
3409 	 0.000
3410 	 0.010
3411 	 0.000
3413 	 0.000
3414 	 0.020
3415 	 0.000
3417 	 0.000
3418 	 0.010
3419 	 0.010
3420 	 0.010
3421 	 0.000
3422 	 0.010
3423 	 0.000
3424 	 0.020
3425 	 0.000
3428 	 0.000
3429 	 0.010
3430 	 0.010
3431 	 0.010
3432 	 0.000
3433 	 0.000
3434 	 0.010
3435 	 0.000
3436 	 0.010
3437 	 0.020
3438 	 0.010
3439 	 0.020
3440 	 0.000
3441 	 0.000
3442 	 0.010
3443 	 0.000
3444 	 0.000
3445 	 0.010
3446 	 0.000
3449 	 0.000
3450 	 0.020
3451 	 0.000
3455 	 0.000
3456 	 0.010
3457 	 0.000
3458 	 0.040
3459 	 0.000
3461 	 0.000
3462 	 0.010
3463 	 0.010
3464 	 0.000
3467 	 0.000
3468 	 0.010
3469 	 0.000
3470 	 0.010
3471 	 0.010
3472 	 0.000
3473 	 0.000
3474 	 0.010
3475 	 0.010
3476 	 0.030
3477 	 0.010
3478 	 0.000
3479 	 0.010
3480 	 0.000
3481 	 0.010
3482 	 0.000
3484 	 0.000
3485 	 0.010
3486 	 0.000
3487 	 0.010
3488 	 0.000
3489 	 0.020
3490 	 0.000
3491 	 0.000
3492 	 0.010
3493 	 0.010
3494 	 0.020
3495 	 0.000
3496 	 0.030
3497 	 0.010
3498 	 0.000
3500 	 0.000
3501 	 0.010
3502 	 0.000
3503 	 0.010
3504 	 0.010
3505 	 0.000
3506 	 0.010
3507 	 0.000
3508 	 0.000
3509 	 0.010
3510 	 0.000
3512 	 0.000
3513 	 0.010
3514 	 0.020
3515 	 0.000
3516 	 0.000
3517 	 0.020
3518 	 0.000
3524 	 0.000
3525 	 0.020
3526 	 0.020
3527 	 0.010
3528 	 0.000
3529 	 0.020
3530 	 0.000
3534 	 0.000
3535 	 0.020
3536 	 0.000
3537 	 0.010
3538 	 0.000
3539 	 0.010
3540 	 0.000
3541 	 0.020
3542 	 0.000
3543 	 0.010
3544 	 0.000
3545 	 0.010
3546 	 0.010
3547 	 0.000
3548 	 0.020
3549 	 0.000
3550 	 0.010
3551 	 0.000
3552 	 0.010
3553 	 0.030
3554 	 0.000
3559 	 0.000
3560 	 0.010
3561 	 0.010
3562 	 0.000
3563 	 0.010
3564 	 0.000
3565 	 0.010
3566 	 0.010
3567 	 0.010
3568 	 0.020
3569 	 0.020
3570 	 0.010
3571 	 0.010
3572 	 0.010
3573 	 0.010
3574 	 0.000
3578 	 0.000
3579 	 0.010
3580 	 0.010
3581 	 0.000
3582 	 0.010
3583 	 0.000
3584 	 0.010
3585 	 0.010
3586 	 0.000
3588 	 0.000
3589 	 0.010
3590 	 0.000
3591 	 0.000
3592 	 0.010
3593 	 0.010
3594 	 0.020
3595 	 0.000
3596 	 0.020
3597 	 0.020
3598 	 0.010
3599 	 0.000
3601 	 0.000
3602 	 0.010
3603 	 0.000
3604 	 0.010
3605 	 0.020
3606 	 0.000
3607 	 0.000
3608 	 0.020
3609 	 0.010
3610 	 0.020
3611 	 0.010
3612 	 0.020
3613 	 0.000
3615 	 0.000
3616 	 0.010
3617 	 0.000
3618 	 0.000
3619 	 0.020
3620 	 0.000
3621 	 0.010
3622 	 0.010
3623 	 0.010
3624 	 0.010
3625 	 0.000
3626 	 0.010
3627 	 0.020
3628 	 0.010
3629 	 0.010
3630 	 0.000
3631 	 0.000
3632 	 0.010
3633 	 0.000
3634 	 0.010
3635 	 0.000
3636 	 0.000
3637 	 0.010
3638 	 0.000
3639 	 0.010
3640 	 0.000
3641 	 0.000
3642 	 0.020
3643 	 0.010
3644 	 0.000
3645 	 0.010
3646 	 0.000
3647 	 0.010
3648 	 0.000
3649 	 0.000
3650 	 0.020
3651 	 0.010
3652 	 0.010
3653 	 0.000
3654 	 0.010
3655 	 0.000
3658 	 0.000
3659 	 0.020
3660 	 0.010
3661 	 0.000
3662 	 0.010
3663 	 0.000
3666 	 0.000
3667 	 0.020
3668 	 0.000
3671 	 0.000
3672 	 0.010
3673 	 0.000
3675 	 0.000
3676 	 0.010
3677 	 0.000
3680 	 0.000
3681 	 0.010
3682 	 0.010
3683 	 0.010
3684 	 0.050
3685 	 0.000
3687 	 0.000
3688 	 0.010
3689 	 0.000
3690 	 0.040
3691 	 0.000
3693 	 0.000
3694 	 0.020
3695 	 0.000
3696 	 0.010
3697 	 0.010
3698 	 0.000
3702 	 0.000
3703 	 0.010
3704 	 0.000
3705 	 0.000
3706 	 0.010
3707 	 0.000
3711 	 0.000
3712 	 0.020
3713 	 0.010
3714 	 0.010
3715 	 0.000
3717 	 0.000
3718 	 0.010
3719 	 0.030
3720 	 0.020
3721 	 0.020
3722 	 0.000
3725 	 0.000
3726 	 0.010
3727 	 0.000
3731 	 0.000
3732 	 0.010
3733 	 0.010
3734 	 0.010
3735 	 0.000
3742 	 0.000
3743 	 0.010
3744 	 0.010
3745 	 0.010
3746 	 0.000
3747 	 0.030
3748 	 0.010
3749 	 0.010
3750 	 0.000
3751 	 0.010
3752 	 0.010
3753 	 0.000
3754 	 0.000
3755 	 0.010
3756 	 0.010
3757 	 0.000
3758 	 0.010
3759 	 0.000
3760 	 0.000
3761 	 0.020
3762 	 0.000
3769 	 0.000
3770 	 0.010
3771 	 0.010
3772 	 0.010
3773 	 0.020
3774 	 0.020
3775 	 0.000
3776 	 0.010
3777 	 0.030
3778 	 0.010
3779 	 0.010
3780 	 0.010
3781 	 0.020
3782 	 0.010
3783 	 0.020
3784 	 0.000
3787 	 0.000
3788 	 0.010
3789 	 0.000
3790 	 0.020
3791 	 0.000
3792 	 0.000
3793 	 0.020
3794 	 0.010
3795 	 0.010
3796 	 0.010
3797 	 0.000
3798 	 0.000
3799 	 0.020
3800 	 0.030
3801 	 0.010
3802 	 0.010
3803 	 0.010
3804 	 0.000
3812 	 0.000
3813 	 0.010
3814 	 0.000
3815 	 0.000
3816 	 0.020
3817 	 0.000
3818 	 0.020
3819 	 0.000
3820 	 0.010
3821 	 0.000
3823 	 0.000
3824 	 0.010
3825 	 0.010
3826 	 0.020
3827 	 0.020
3828 	 0.000
3829 	 0.000
3830 	 0.020
3831 	 0.010
3832 	 0.020
3833 	 0.000
3835 	 0.000
3836 	 0.020
3837 	 0.010
3838 	 0.000
3839 	 0.010
3840 	 0.000
3841 	 0.000
3842 	 0.010
3843 	 0.000
3844 	 0.010
3845 	 0.000
3846 	 0.000
3847 	 0.010
3848 	 0.000
3851 	 0.000
3852 	 0.020
3853 	 0.000
3855 	 0.000
3856 	 0.020
3857 	 0.000
3859 	 0.000
3860 	 0.020
3861 	 0.000
3862 	 0.010
3863 	 0.010
3864 	 0.000
3865 	 0.010
3866 	 0.010
3867 	 0.020
3868 	 0.000
3869 	 0.010
3870 	 0.000
3874 	 0.000
3875 	 0.010
3876 	 0.010
3877 	 0.000
3878 	 0.010
3879 	 0.000
3880 	 0.030
3881 	 0.010
3882 	 0.010
3883 	 0.000
3884 	 0.000
3885 	 0.010
3886 	 0.000
3891 	 0.000
3892 	 0.010
3893 	 0.000
3894 	 0.000
3895 	 0.010
3896 	 0.010
3897 	 0.010
3898 	 0.000
3900 	 0.000
3901 	 0.020
3902 	 0.000
3903 	 0.010
3904 	 0.030
3905 	 0.010
3906 	 0.000
3907 	 0.010
3908 	 0.000
3909 	 0.000
3910 	 0.010
3911 	 0.000
3913 	 0.000
3914 	 0.030
3915 	 0.010
3916 	 0.000
3918 	 0.000
3919 	 0.010
3920 	 0.000
3921 	 0.010
3922 	 0.000
3923 	 0.000
3924 	 0.020
3925 	 0.010
3926 	 0.010
3927 	 0.010
3928 	 0.000
3929 	 0.010
3930 	 0.000
3931 	 0.000
3932 	 0.010
3933 	 0.010
3934 	 0.010
3935 	 0.000
3936 	 0.010
3937 	 0.020
3938 	 0.010
3939 	 0.020
3940 	 0.000
3941 	 0.000
3942 	 0.010
3943 	 0.000
3944 	 0.010
3945 	 0.000
3947 	 0.000
3948 	 0.010
3949 	 0.000
3950 	 0.010
3951 	 0.010
3952 	 0.000
3953 	 0.000
3954 	 0.010
3955 	 0.010
3956 	 0.010
3957 	 0.010
3958 	 0.010
3959 	 0.020
3960 	 0.000
3962 	 0.000
3963 	 0.020
3964 	 0.000
3966 	 0.000
3967 	 0.010
3968 	 0.010
3969 	 0.000
3970 	 0.010
3971 	 0.000
3972 	 0.020
3973 	 0.010
3974 	 0.010
3975 	 0.010
3976 	 0.000
3977 	 0.000
3978 	 0.030
3979 	 0.000
3980 	 0.010
3981 	 0.000
3982 	 0.010
3983 	 0.000
3985 	 0.000
3986 	 0.010
3987 	 0.020
3988 	 0.000
3991 	 0.000
3992 	 0.010
3993 	 0.000
3994 	 0.010
3995 	 0.010
3996 	 0.000
3997 	 0.010
3998 	 0.000
3999 	 0.000
4000 	 0.010
4001 	 0.000
4008 	 0.000
4009 	 0.020
4010 	 0.010
4011 	 0.030
4012 	 0.000
4013 	 0.010
4014 	 0.000
4016 	 0.000
4017 	 0.010
4018 	 0.010
4019 	 0.000
4020 	 0.010
4021 	 0.000
4022 	 0.010
4023 	 0.010
4024 	 0.000
4025 	 0.000
4026 	 0.010
4027 	 0.000
4028 	 0.000
4029 	 0.010
4030 	 0.010
4031 	 0.010
4032 	 0.000
4033 	 0.010
4034 	 0.000
4036 	 0.000
4037 	 0.020
4038 	 0.000
4039 	 0.010
4040 	 0.000
4041 	 0.020
4042 	 0.000
4046 	 0.000
4047 	 0.010
4048 	 0.000
4049 	 0.000
4050 	 0.010
4051 	 0.000
4052 	 0.000
4053 	 0.010
4054 	 0.000
4055 	 0.010
4056 	 0.020
4057 	 0.030
4058 	 0.000
4059 	 0.010
4060 	 0.010
4061 	 0.030
4062 	 0.000
4065 	 0.000
4066 	 0.010
4067 	 0.000
4069 	 0.000
4070 	 0.020
4071 	 0.000
4072 	 0.010
4073 	 0.010
4074 	 0.000
4075 	 0.020
4076 	 0.000
4077 	 0.000
4078 	 0.030
4079 	 0.000
4080 	 0.010
4081 	 0.000
4082 	 0.000
4083 	 0.010
4084 	 0.000
4088 	 0.000
4089 	 0.020
4090 	 0.010
4091 	 0.000
4092 	 0.010
4093 	 0.000
4094 	 0.000
4095 	 0.010
4096 	 0.000
4097 	 0.000
4098 	 0.010
4099 	 0.010
4100 	 0.000
4101 	 0.010
4102 	 0.000
4106 	 0.000
4107 	 0.010
4108 	 0.010
4109 	 0.010
4110 	 0.000
4115 	 0.000
4116 	 0.030
4117 	 0.000
4119 	 0.000
4120 	 0.010
4121 	 0.000
4122 	 0.010
4123 	 0.000
4127 	 0.000
4128 	 0.020
4129 	 0.000
4130 	 0.020
4131 	 0.010
4132 	 0.000
4134 	 0.000
4135 	 0.010
4136 	 0.000
4137 	 0.000
4138 	 0.010
4139 	 0.000
4140 	 0.000
4141 	 0.010
4142 	 0.000
4144 	 0.000
4145 	 0.010
4146 	 0.010
4147 	 0.020
4148 	 0.030
4149 	 0.000
4150 	 0.000
4151 	 0.010
4152 	 0.010
4153 	 0.000
4155 	 0.000
4156 	 0.030
4157 	 0.000
4158 	 0.000
4159 	 0.010
4160 	 0.010
4161 	 0.020
4162 	 0.010
4163 	 0.000
4169 	 0.000
4170 	 0.020
4171 	 0.010
4172 	 0.000
4173 	 0.010
4174 	 0.010
4175 	 0.010
4176 	 0.000
4187 	 0.000
4188 	 0.010
4189 	 0.000
4190 	 0.010
4191 	 0.000
4192 	 0.010
4193 	 0.000
4194 	 0.010
4195 	 0.010
4196 	 0.030
4197 	 0.000
4200 	 0.000
4201 	 0.020
4202 	 0.020
4203 	 0.000
4206 	 0.000
4207 	 0.020
4208 	 0.000
4212 	 0.000
4213 	 0.010
4214 	 0.010
4215 	 0.000
4216 	 0.010
4217 	 0.000
4218 	 0.010
4219 	 0.000
4220 	 0.010
4221 	 0.010
4222 	 0.000
4223 	 0.000
4224 	 0.010
4225 	 0.000
4226 	 0.010
4227 	 0.000
4236 	 0.000
4237 	 0.010
4238 	 0.010
4239 	 0.000
4241 	 0.000
4242 	 0.010
4243 	 0.030
4244 	 0.010
4245 	 0.000
4246 	 0.000
4247 	 0.010
4248 	 0.010
4249 	 0.000
4250 	 0.010
4251 	 0.010
4252 	 0.000
4254 	 0.000
4255 	 0.010
4256 	 0.000
4257 	 0.000
4258 	 0.010
4259 	 0.000
4262 	 0.000
4263 	 0.020
4264 	 0.020
4265 	 0.000
4266 	 0.000
4267 	 0.010
4268 	 0.000
4270 	 0.000
4271 	 0.020
4272 	 0.000
4273 	 0.000
4274 	 0.010
4275 	 0.000
4276 	 0.010
4277 	 0.000
4280 	 0.000
4281 	 0.010
4282 	 0.000
4283 	 0.010
4284 	 0.000
4285 	 0.020
4286 	 0.000
4287 	 0.000
4288 	 0.010
4289 	 0.000
4291 	 0.000
4292 	 0.010
4293 	 0.000
4294 	 0.000
4295 	 0.010
4296 	 0.010
4297 	 0.000
4298 	 0.010
4299 	 0.030
4300 	 0.000
4301 	 0.010
4302 	 0.000
4303 	 0.010
4304 	 0.010
4305 	 0.010
4306 	 0.000
4307 	 0.020
4308 	 0.010
4309 	 0.000
4310 	 0.000
4311 	 0.010
4312 	 0.010
4313 	 0.000
4314 	 0.030
4315 	 0.000
4318 	 0.000
4319 	 0.020
4320 	 0.010
4321 	 0.000
4322 	 0.010
4323 	 0.000
4324 	 0.000
4325 	 0.010
4326 	 0.000
4327 	 0.000
4328 	 0.010
4329 	 0.000
4330 	 0.020
4331 	 0.000
4339 	 0.000
4340 	 0.010
4341 	 0.000
4342 	 0.010
4343 	 0.010
4344 	 0.000
4347 	 0.000
4348 	 0.020
4349 	 0.020
4350 	 0.000
4355 	 0.000
4356 	 0.010
4357 	 0.000
4358 	 0.000
4359 	 0.010
4360 	 0.000
4361 	 0.000
4362 	 0.010
4363 	 0.000
4364 	 0.020
4365 	 0.010
4366 	 0.000
4367 	 0.010
4368 	 0.000
4372 	 0.000
4373 	 0.010
4374 	 0.000
4375 	 0.000
4376 	 0.020
4377 	 0.010
4378 	 0.000
4383 	 0.000
4384 	 0.010
4385 	 0.000
4387 	 0.000
4388 	 0.010
4389 	 0.000
4395 	 0.000
4396 	 0.010
4397 	 0.020
4398 	 0.000
4400 	 0.000
4401 	 0.010
4402 	 0.000
4403 	 0.000
4404 	 0.010
4405 	 0.000
4408 	 0.000
4409 	 0.020
4410 	 0.010
4411 	 0.000
4413 	 0.000
4414 	 0.010
4415 	 0.000
4421 	 0.000
4422 	 0.010
4423 	 0.000
4424 	 0.000
4425 	 0.010
4426 	 0.000
4427 	 0.010
4428 	 0.000
4429 	 0.010
4430 	 0.010
4431 	 0.000
4432 	 0.010
4433 	 0.010
4434 	 0.010
4435 	 0.000
4436 	 0.000
4437 	 0.010
4438 	 0.000
4440 	 0.000
4441 	 0.020
4442 	 0.000
4443 	 0.010
4444 	 0.000
4452 	 0.000
4453 	 0.010
4454 	 0.010
4455 	 0.000
4459 	 0.000
4460 	 0.010
4461 	 0.000
4464 	 0.000
4465 	 0.020
4466 	 0.010
4467 	 0.000
4468 	 0.010
4469 	 0.000
4470 	 0.010
4471 	 0.010
4472 	 0.010
4473 	 0.000
4474 	 0.020
4475 	 0.000
4487 	 0.000
4488 	 0.010
4489 	 0.000
4491 	 0.000
4492 	 0.010
4493 	 0.000
4494 	 0.010
4495 	 0.000
4496 	 0.000
4497 	 0.010
4498 	 0.000
4500 	 0.000
4501 	 0.020
4502 	 0.020
4503 	 0.000
4505 	 0.000
4506 	 0.010
4507 	 0.000
4508 	 0.010
4509 	 0.010
4510 	 0.000
4511 	 0.000
4512 	 0.010
4513 	 0.010
4514 	 0.010
4515 	 0.000
4518 	 0.000
4519 	 0.010
4520 	 0.000
4523 	 0.000
4524 	 0.020
4525 	 0.000
4526 	 0.000
4527 	 0.010
4528 	 0.000
4529 	 0.000
4530 	 0.010
4531 	 0.000
4532 	 0.010
4533 	 0.010
4534 	 0.010
4535 	 0.010
4536 	 0.000
4537 	 0.000
4538 	 0.010
4539 	 0.000
4542 	 0.000
4543 	 0.010
4544 	 0.010
4545 	 0.010
4546 	 0.020
4547 	 0.000
4548 	 0.000
4549 	 0.010
4550 	 0.000
4552 	 0.000
4553 	 0.010
4554 	 0.000
4555 	 0.010
4556 	 0.000
4559 	 0.000
4560 	 0.010
4561 	 0.000
4572 	 0.000
4573 	 0.020
4574 	 0.000
4577 	 0.000
4578 	 0.020
4579 	 0.000
4580 	 0.000
4581 	 0.020
4582 	 0.000
4583 	 0.010
4584 	 0.000
4586 	 0.000
4587 	 0.010
4588 	 0.000
4591 	 0.000
4592 	 0.010
4593 	 0.000
4594 	 0.010
4595 	 0.000
4599 	 0.000
4600 	 0.010
4601 	 0.030
4602 	 0.010
4603 	 0.000
4609 	 0.000
4610 	 0.010
4611 	 0.000
4614 	 0.000
4615 	 0.010
4616 	 0.010
4617 	 0.010
4618 	 0.000
4619 	 0.010
4620 	 0.010
4621 	 0.010
4622 	 0.020
4623 	 0.010
4624 	 0.000
4625 	 0.000
4626 	 0.010
4627 	 0.010
4628 	 0.000
4632 	 0.000
4633 	 0.010
4634 	 0.000
4635 	 0.020
4636 	 0.010
4637 	 0.000
4638 	 0.000
4639 	 0.010
4640 	 0.000
4646 	 0.000
4647 	 0.010
4648 	 0.000
4651 	 0.000
4652 	 0.010
4653 	 0.010
4654 	 0.000
4655 	 0.000
4656 	 0.010
4657 	 0.000
4658 	 0.000
4659 	 0.010
4660 	 0.000
4661 	 0.010
4662 	 0.000
4663 	 0.010
4664 	 0.000
4665 	 0.010
4666 	 0.010
4667 	 0.000
4668 	 0.020
4669 	 0.010
4670 	 0.010
4671 	 0.000
4672 	 0.020
4673 	 0.000
4682 	 0.000
4683 	 0.020
4684 	 0.010
4685 	 0.000
4688 	 0.000
4689 	 0.010
4690 	 0.010
4691 	 0.000
4694 	 0.000
4695 	 0.010
4696 	 0.000
4698 	 0.000
4699 	 0.020
4700 	 0.010
4701 	 0.000
4702 	 0.010
4703 	 0.020
4704 	 0.000
4705 	 0.000
4706 	 0.010
4707 	 0.010
4708 	 0.000
4709 	 0.000
4710 	 0.010
4711 	 0.000
4712 	 0.000
4713 	 0.010
4714 	 0.000
4716 	 0.000
4717 	 0.010
4718 	 0.000
4722 	 0.000
4723 	 0.010
4724 	 0.010
4725 	 0.010
4726 	 0.000
4733 	 0.000
4734 	 0.030
4735 	 0.000
4738 	 0.000
4739 	 0.010
4740 	 0.010
4741 	 0.000
4742 	 0.000
4743 	 0.020
4744 	 0.000
4747 	 0.000
4748 	 0.010
4749 	 0.000
4750 	 0.000
4751 	 0.030
4752 	 0.000
4760 	 0.000
4761 	 0.020
4762 	 0.000
4765 	 0.000
4766 	 0.010
4767 	 0.000
4780 	 0.000
4781 	 0.010
4782 	 0.000
4783 	 0.010
4784 	 0.000
4789 	 0.000
4790 	 0.010
4791 	 0.000
4792 	 0.010
4793 	 0.010
4794 	 0.000
4796 	 0.000
4797 	 0.010
4798 	 0.000
4802 	 0.000
4803 	 0.010
4804 	 0.000
4819 	 0.000
4820 	 0.010
4821 	 0.000
4824 	 0.000
4825 	 0.010
4826 	 0.000
4830 	 0.000
4831 	 0.010
4832 	 0.010
4833 	 0.000
4834 	 0.010
4835 	 0.000
4836 	 0.010
4837 	 0.010
4838 	 0.010
4839 	 0.010
4840 	 0.010
4841 	 0.020
4842 	 0.000
4843 	 0.000
4844 	 0.010
4845 	 0.000
4847 	 0.000
4848 	 0.010
4849 	 0.000
4857 	 0.000
4858 	 0.010
4859 	 0.020
4860 	 0.010
4861 	 0.000
4862 	 0.010
4863 	 0.000
4868 	 0.000
4869 	 0.010
4870 	 0.010
4871 	 0.000
4876 	 0.000
4877 	 0.010
4878 	 0.000
4884 	 0.000
4885 	 0.010
4886 	 0.000
4887 	 0.030
4888 	 0.010
4889 	 0.000
4890 	 0.000
4891 	 0.010
4892 	 0.000
4893 	 0.010
4894 	 0.000
4895 	 0.010
4896 	 0.000
4897 	 0.010
4898 	 0.000
4899 	 0.000
4900 	 0.010
4901 	 0.020
4902 	 0.000
4903 	 0.010
4904 	 0.000
4918 	 0.000
4919 	 0.010
4920 	 0.000
4925 	 0.000
4926 	 0.010
4927 	 0.000
4928 	 0.010
4929 	 0.000
4931 	 0.000
4932 	 0.010
4933 	 0.010
4934 	 0.000
4942 	 0.000
4943 	 0.010
4944 	 0.010
4945 	 0.000
4952 	 0.000
4953 	 0.010
4954 	 0.000
4959 	 0.000
4960 	 0.020
4961 	 0.000
4964 	 0.000
4965 	 0.010
4966 	 0.010
4967 	 0.000
4969 	 0.000
4970 	 0.010
4971 	 0.000
4972 	 0.000
4973 	 0.010
4974 	 0.000
4975 	 0.000
4976 	 0.010
4977 	 0.000
4989 	 0.000
4990 	 0.010
4991 	 0.000
4998 	 0.000
4999 	 0.020
5000 	 0.000
5002 	 0.000
5003 	 0.010
5004 	 0.010
5005 	 0.000
5022 	 0.000
5023 	 0.010
5024 	 0.000
5026 	 0.000
5027 	 0.010
5028 	 0.000
5031 	 0.000
5032 	 0.010
5033 	 0.010
5034 	 0.000
5035 	 0.000
5036 	 0.010
5037 	 0.000
5042 	 0.000
5043 	 0.010
5044 	 0.000
5045 	 0.000
5046 	 0.010
5047 	 0.010
5048 	 0.000
5052 	 0.000
5053 	 0.010
5054 	 0.000
5055 	 0.010
5056 	 0.000
5059 	 0.000
5060 	 0.010
5061 	 0.000
5066 	 0.000
5067 	 0.010
5068 	 0.000
5069 	 0.000
5070 	 0.010
5071 	 0.000
5072 	 0.020
5073 	 0.000
5075 	 0.000
5076 	 0.010
5077 	 0.000
5082 	 0.000
5083 	 0.010
5084 	 0.000
5089 	 0.000
5090 	 0.020
5091 	 0.000
5092 	 0.010
5093 	 0.000
5096 	 0.000
5097 	 0.030
5098 	 0.010
5099 	 0.000
5103 	 0.000
5104 	 0.040
5105 	 0.000
5106 	 0.000
5107 	 0.010
5108 	 0.000
5118 	 0.000
5119 	 0.010
5120 	 0.000
5121 	 0.000
5122 	 0.020
5123 	 0.000
5128 	 0.000
5129 	 0.010
5130 	 0.000
5133 	 0.000
5134 	 0.020
5135 	 0.000
5141 	 0.000
5142 	 0.010
5143 	 0.000
5144 	 0.000
5145 	 0.010
5146 	 0.000
5147 	 0.030
5148 	 0.000
5152 	 0.000
5153 	 0.010
5154 	 0.000
5164 	 0.000
5165 	 0.010
5166 	 0.000
5171 	 0.000
5172 	 0.010
5173 	 0.000
5179 	 0.000
5180 	 0.010
5181 	 0.000
5182 	 0.000
5183 	 0.010
5184 	 0.000
5192 	 0.000
5193 	 0.010
5194 	 0.000
5195 	 0.010
5196 	 0.000
5197 	 0.010
5198 	 0.000
5204 	 0.000
5205 	 0.010
5206 	 0.000
5207 	 0.010
5208 	 0.000
5213 	 0.000
5214 	 0.010
5215 	 0.000
5216 	 0.010
5217 	 0.000
5218 	 0.010
5219 	 0.000
5225 	 0.000
5226 	 0.010
5227 	 0.000
5230 	 0.000
5231 	 0.010
5232 	 0.000
5235 	 0.000
5236 	 0.010
5237 	 0.000
5239 	 0.000
5240 	 0.010
5241 	 0.010
5242 	 0.000
5251 	 0.000
5252 	 0.010
5253 	 0.000
5255 	 0.000
5256 	 0.010
5257 	 0.010
5258 	 0.010
5259 	 0.000
5263 	 0.000
5264 	 0.020
5265 	 0.000
5269 	 0.000
5270 	 0.010
5271 	 0.000
5277 	 0.000
5278 	 0.010
5279 	 0.000
5284 	 0.000
5285 	 0.010
5286 	 0.000
5288 	 0.000
5289 	 0.010
5290 	 0.000
5298 	 0.000
5299 	 0.010
5300 	 0.000
5301 	 0.010
5302 	 0.010
5303 	 0.000
5313 	 0.000
5314 	 0.010
5315 	 0.010
5316 	 0.000
5318 	 0.000
5319 	 0.010
5320 	 0.000
5321 	 0.010
5322 	 0.000
5323 	 0.000
5324 	 0.010
5325 	 0.000
5330 	 0.000
5331 	 0.010
5332 	 0.000
5335 	 0.000
5336 	 0.010
5337 	 0.010
5338 	 0.000
5339 	 0.000
5340 	 0.010
5341 	 0.000
5342 	 0.020
5343 	 0.000
5344 	 0.010
5345 	 0.010
5346 	 0.000
5351 	 0.000
5352 	 0.010
5353 	 0.010
5354 	 0.010
5355 	 0.000
5365 	 0.000
5366 	 0.010
5367 	 0.000
5368 	 0.010
5369 	 0.000
5372 	 0.000
5373 	 0.010
5374 	 0.000
5377 	 0.000
5378 	 0.010
5379 	 0.000
5386 	 0.000
5387 	 0.010
5388 	 0.000
5394 	 0.000
5395 	 0.010
5396 	 0.000
5398 	 0.000
5399 	 0.010
5400 	 0.010
5401 	 0.000
5402 	 0.000
5403 	 0.010
5404 	 0.000
5405 	 0.000
5406 	 0.010
5407 	 0.000
5423 	 0.000
5424 	 0.010
5425 	 0.000
5430 	 0.000
5431 	 0.010
5432 	 0.000
5443 	 0.000
5444 	 0.010
5445 	 0.000
5447 	 0.000
5448 	 0.010
5449 	 0.000
5456 	 0.000
5457 	 0.010
5458 	 0.010
5459 	 0.000
5465 	 0.000
5466 	 0.010
5467 	 0.000
5468 	 0.010
5469 	 0.010
5470 	 0.000
5471 	 0.000
5472 	 0.010
5473 	 0.000
5477 	 0.000
5478 	 0.010
5479 	 0.000
5480 	 0.010
5481 	 0.000
5482 	 0.010
5483 	 0.000
5496 	 0.000
5497 	 0.010
5498 	 0.000
5501 	 0.000
5502 	 0.010
5503 	 0.000
5512 	 0.000
5513 	 0.030
5514 	 0.010
5515 	 0.000
5516 	 0.000
5517 	 0.010
5518 	 0.000
5519 	 0.010
5520 	 0.000
5523 	 0.000
5524 	 0.010
5525 	 0.000
5527 	 0.000
5528 	 0.010
5529 	 0.000
5533 	 0.000
5534 	 0.010
5535 	 0.000
5536 	 0.010
5537 	 0.000
5538 	 0.010
5539 	 0.000
5540 	 0.010
5541 	 0.000
5544 	 0.000
5545 	 0.010
5546 	 0.000
5547 	 0.010
5548 	 0.020
5549 	 0.000
5554 	 0.000
5555 	 0.020
5556 	 0.000
5559 	 0.000
5560 	 0.010
5561 	 0.000
5571 	 0.000
5572 	 0.010
5573 	 0.000
5578 	 0.000
5579 	 0.010
5580 	 0.020
5581 	 0.000
5583 	 0.000
5584 	 0.010
5585 	 0.000
5586 	 0.020
5587 	 0.000
5588 	 0.010
5589 	 0.000
5590 	 0.000
5591 	 0.010
5592 	 0.000
5593 	 0.010
5594 	 0.000
5595 	 0.000
5596 	 0.010
5597 	 0.000
5610 	 0.000
5611 	 0.010
5612 	 0.000
5618 	 0.000
5619 	 0.010
5620 	 0.000
5621 	 0.000
5622 	 0.010
5623 	 0.000
5624 	 0.000
5625 	 0.010
5626 	 0.010
5627 	 0.020
5628 	 0.000
5630 	 0.000
5631 	 0.010
5632 	 0.000
5633 	 0.010
5634 	 0.000
5635 	 0.000
5636 	 0.010
5637 	 0.000
5642 	 0.000
5643 	 0.010
5644 	 0.010
5645 	 0.000
5647 	 0.000
5648 	 0.030
5649 	 0.000
5650 	 0.000
5651 	 0.010
5652 	 0.000
5661 	 0.000
5662 	 0.010
5663 	 0.000
5670 	 0.000
5671 	 0.010
5672 	 0.000
5689 	 0.000
5690 	 0.010
5691 	 0.000
5698 	 0.000
5699 	 0.010
5700 	 0.000
5701 	 0.000
5702 	 0.010
5703 	 0.000
5724 	 0.000
5725 	 0.010
5726 	 0.000
5739 	 0.000
5740 	 0.010
5741 	 0.010
5742 	 0.000
5756 	 0.000
5757 	 0.010
5758 	 0.000
5767 	 0.000
5768 	 0.010
5769 	 0.000
5777 	 0.000
5778 	 0.010
5779 	 0.000
5780 	 0.010
5781 	 0.000
5786 	 0.000
5787 	 0.010
5788 	 0.000
5789 	 0.010
5790 	 0.000
5791 	 0.010
5792 	 0.000
5796 	 0.000
5797 	 0.010
5798 	 0.000
5799 	 0.010
5800 	 0.000
5803 	 0.000
5804 	 0.010
5805 	 0.010
5806 	 0.000
5807 	 0.010
5808 	 0.010
5809 	 0.000
5815 	 0.000
5816 	 0.010
5817 	 0.010
5818 	 0.000
5825 	 0.000
5826 	 0.010
5827 	 0.000
5831 	 0.000
5832 	 0.010
5833 	 0.000
5835 	 0.000
5836 	 0.010
5837 	 0.000
5847 	 0.000
5848 	 0.010
5849 	 0.000
5850 	 0.010
5851 	 0.000
5852 	 0.010
5853 	 0.000
5864 	 0.000
5865 	 0.020
5866 	 0.000
5867 	 0.010
5868 	 0.000
5870 	 0.000
5871 	 0.010
5872 	 0.000
5873 	 0.010
5874 	 0.000
5885 	 0.000
5886 	 0.010
5887 	 0.000
5893 	 0.000
5894 	 0.010
5895 	 0.000
5899 	 0.000
5900 	 0.010
5901 	 0.010
5902 	 0.000
5903 	 0.010
5904 	 0.000
5914 	 0.000
5915 	 0.020
5916 	 0.000
5918 	 0.000
5919 	 0.010
5920 	 0.000
5921 	 0.000
5922 	 0.010
5923 	 0.000
5924 	 0.000
5925 	 0.010
5926 	 0.000
5931 	 0.000
5932 	 0.010
5933 	 0.000
5939 	 0.000
5940 	 0.020
5941 	 0.000
5942 	 0.000
5943 	 0.010
5944 	 0.000
5951 	 0.000
5952 	 0.010
5953 	 0.010
5954 	 0.000
5957 	 0.000
5958 	 0.010
5959 	 0.000
5962 	 0.000
5963 	 0.010
5964 	 0.000
5965 	 0.010
5966 	 0.000
5970 	 0.000
5971 	 0.010
5972 	 0.000
5973 	 0.010
5974 	 0.000
5978 	 0.000
5979 	 0.010
5980 	 0.000
5982 	 0.000
5983 	 0.010
5984 	 0.000
5995 	 0.000
5996 	 0.020
5997 	 0.000
5998 	 0.010
5999 	 0.010
6000 	 0.000
6005 	 0.000
6006 	 0.010
6007 	 0.000
6009 	 0.000
6010 	 0.010
6011 	 0.000
6014 	 0.000
6015 	 0.020
6016 	 0.000
6017 	 0.010
6018 	 0.000
6020 	 0.000
6021 	 0.020
6022 	 0.000
6026 	 0.000
6027 	 0.010
6028 	 0.010
6029 	 0.000
6033 	 0.000
6034 	 0.010
6035 	 0.000
6036 	 0.010
6037 	 0.000
6046 	 0.000
6047 	 0.010
6048 	 0.000
6051 	 0.000
6052 	 0.010
6053 	 0.000
6067 	 0.000
6068 	 0.010
6069 	 0.000
6074 	 0.000
6075 	 0.010
6076 	 0.000
6082 	 0.000
6083 	 0.010
6084 	 0.000
6085 	 0.000
6086 	 0.010
6087 	 0.000
6103 	 0.000
6104 	 0.010
6105 	 0.000
6106 	 0.000
6107 	 0.010
6108 	 0.000
6118 	 0.000
6119 	 0.010
6120 	 0.010
6121 	 0.000
6125 	 0.000
6126 	 0.020
6127 	 0.000
6130 	 0.000
6131 	 0.010
6132 	 0.000
6133 	 0.010
6134 	 0.000
6143 	 0.000
6144 	 0.020
6145 	 0.000
6146 	 0.010
6147 	 0.000
6148 	 0.010
6149 	 0.000
6160 	 0.000
6161 	 0.010
6162 	 0.000
6163 	 0.000
6164 	 0.010
6165 	 0.010
6166 	 0.000
6174 	 0.000
6175 	 0.010
6176 	 0.000
6187 	 0.000
6188 	 0.010
6189 	 0.000
6201 	 0.000
6202 	 0.010
6203 	 0.000
6204 	 0.010
6205 	 0.000
6207 	 0.000
6208 	 0.010
6209 	 0.000
6217 	 0.000
6218 	 0.010
6219 	 0.000
6221 	 0.000
6222 	 0.010
6223 	 0.000
6227 	 0.000
6228 	 0.010
6229 	 0.010
6230 	 0.010
6231 	 0.000
6232 	 0.010
6233 	 0.020
6234 	 0.000
6256 	 0.000
6257 	 0.010
6258 	 0.000
6270 	 0.000
6271 	 0.010
6272 	 0.000
6279 	 0.000
6280 	 0.010
6281 	 0.010
6282 	 0.000
6283 	 0.010
6284 	 0.000
6287 	 0.000
6288 	 0.010
6289 	 0.000
6290 	 0.010
6291 	 0.000
6292 	 0.000
6293 	 0.010
6294 	 0.000
6295 	 0.010
6296 	 0.000
6303 	 0.000
6304 	 0.010
6305 	 0.000
6318 	 0.000
6319 	 0.010
6320 	 0.010
6321 	 0.000
6333 	 0.000
6334 	 0.010
6335 	 0.000
6348 	 0.000
6349 	 0.010
6350 	 0.010
6351 	 0.000
6352 	 0.000
6353 	 0.010
6354 	 0.000
6365 	 0.000
6366 	 0.010
6367 	 0.000
6384 	 0.000
6385 	 0.010
6386 	 0.000
6387 	 0.010
6388 	 0.000
6399 	 0.000
6400 	 0.010
6401 	 0.000
6412 	 0.000
6413 	 0.010
6414 	 0.000
6417 	 0.000
6418 	 0.010
6419 	 0.000
6421 	 0.000
6422 	 0.010
6423 	 0.000
6432 	 0.000
6433 	 0.010
6434 	 0.000
6450 	 0.000
6451 	 0.010
6452 	 0.000
6464 	 0.000
6465 	 0.010
6466 	 0.000
6471 	 0.000
6472 	 0.010
6473 	 0.000
6474 	 0.010
6475 	 0.000
6484 	 0.000
6485 	 0.020
6486 	 0.000
6507 	 0.000
6508 	 0.010
6509 	 0.000
6510 	 0.000
6511 	 0.010
6512 	 0.010
6513 	 0.000
6517 	 0.000
6518 	 0.010
6519 	 0.000
6524 	 0.000
6525 	 0.010
6526 	 0.000
6532 	 0.000
6533 	 0.010
6534 	 0.000
6545 	 0.000
6546 	 0.010
6547 	 0.000
6549 	 0.000
6550 	 0.020
6551 	 0.000
6552 	 0.000
6553 	 0.010
6554 	 0.000
6557 	 0.000
6558 	 0.010
6559 	 0.000
6566 	 0.000
6567 	 0.020
6568 	 0.000
6569 	 0.020
6570 	 0.000
6577 	 0.000
6578 	 0.010
6579 	 0.000
6580 	 0.010
6581 	 0.000
6625 	 0.000
6626 	 0.010
6627 	 0.000
6641 	 0.000
6642 	 0.010
6643 	 0.000
6662 	 0.000
6663 	 0.010
6664 	 0.000
6667 	 0.000
6668 	 0.010
6669 	 0.000
6677 	 0.000
6678 	 0.010
6679 	 0.000
6684 	 0.000
6685 	 0.020
6686 	 0.000
6691 	 0.000
6692 	 0.010
6693 	 0.010
6694 	 0.000
6695 	 0.010
6696 	 0.010
6697 	 0.000
6700 	 0.000
6701 	 0.010
6702 	 0.010
6703 	 0.000
6704 	 0.000
6705 	 0.010
6706 	 0.000
6709 	 0.000
6710 	 0.010
6711 	 0.000
6721 	 0.000
6722 	 0.010
6723 	 0.000
6725 	 0.000
6726 	 0.010
6727 	 0.010
6728 	 0.000
6730 	 0.000
6731 	 0.010
6732 	 0.000
6741 	 0.000
6742 	 0.010
6743 	 0.000
6754 	 0.000
6755 	 0.010
6756 	 0.000
6758 	 0.000
6759 	 0.010
6760 	 0.000
6765 	 0.000
6766 	 0.010
6767 	 0.000
6775 	 0.000
6776 	 0.010
6777 	 0.000
6778 	 0.000
6779 	 0.010
6780 	 0.000
6782 	 0.000
6783 	 0.010
6784 	 0.000
6795 	 0.000
6796 	 0.010
6797 	 0.000
6815 	 0.000
6816 	 0.010
6817 	 0.000
6818 	 0.000
6819 	 0.010
6820 	 0.000
6828 	 0.000
6829 	 0.010
6830 	 0.000
6831 	 0.000
6832 	 0.010
6833 	 0.000
6849 	 0.000
6850 	 0.010
6851 	 0.010
6852 	 0.000
6866 	 0.000
6867 	 0.010
6868 	 0.000
6888 	 0.000
6889 	 0.010
6890 	 0.010
6891 	 0.000
6896 	 0.000
6897 	 0.010
6898 	 0.000
6899 	 0.020
6900 	 0.000
6903 	 0.000
6904 	 0.010
6905 	 0.000
6914 	 0.000
6915 	 0.010
6916 	 0.000
6920 	 0.000
6921 	 0.010
6922 	 0.000
6925 	 0.000
6926 	 0.010
6927 	 0.000
6938 	 0.000
6939 	 0.010
6940 	 0.000
6947 	 0.000
6948 	 0.010
6949 	 0.000
6958 	 0.000
6959 	 0.010
6960 	 0.000
6975 	 0.000
6976 	 0.010
6977 	 0.000
6978 	 0.010
6979 	 0.000
6992 	 0.000
6993 	 0.010
6994 	 0.000
7010 	 0.000
7011 	 0.010
7012 	 0.000
7014 	 0.000
7015 	 0.010
7016 	 0.000
7018 	 0.000
7019 	 0.010
7020 	 0.000
7029 	 0.000
7030 	 0.010
7031 	 0.000
7035 	 0.000
7036 	 0.010
7037 	 0.000
7066 	 0.000
7067 	 0.010
7068 	 0.000
7089 	 0.000
7090 	 0.010
7091 	 0.000
7092 	 0.000
7093 	 0.010
7094 	 0.000
7101 	 0.000
7102 	 0.010
7103 	 0.000
7104 	 0.010
7105 	 0.000
7110 	 0.000
7111 	 0.010
7112 	 0.000
7128 	 0.000
7129 	 0.010
7130 	 0.000
7131 	 0.010
7132 	 0.000
7137 	 0.000
7138 	 0.010
7139 	 0.000
7161 	 0.000
7162 	 0.010
7163 	 0.010
7164 	 0.000
7177 	 0.000
7178 	 0.010
7179 	 0.000
7185 	 0.000
7186 	 0.010
7187 	 0.000
7194 	 0.000
7195 	 0.010
7196 	 0.000
7204 	 0.000
7205 	 0.010
7206 	 0.000
7238 	 0.000
7239 	 0.010
7240 	 0.000
7244 	 0.000
7245 	 0.010
7246 	 0.000
7252 	 0.000
7253 	 0.010
7254 	 0.000
7257 	 0.000
7258 	 0.010
7259 	 0.000
7274 	 0.000
7275 	 0.010
7276 	 0.000
7283 	 0.000
7284 	 0.010
7285 	 0.010
7286 	 0.000
7295 	 0.000
7296 	 0.010
7297 	 0.000
7303 	 0.000
7304 	 0.010
7305 	 0.000
7319 	 0.000
7320 	 0.010
7321 	 0.020
7322 	 0.000
7323 	 0.000
7324 	 0.010
7325 	 0.000
7353 	 0.000
7354 	 0.010
7355 	 0.000
7381 	 0.000
7382 	 0.010
7383 	 0.000
7394 	 0.000
7395 	 0.010
7396 	 0.000
7397 	 0.000
7398 	 0.010
7399 	 0.000
7402 	 0.000
7403 	 0.020
7404 	 0.000
7412 	 0.000
7413 	 0.010
7414 	 0.000
7415 	 0.010
7416 	 0.000
7417 	 0.010
7418 	 0.000
7426 	 0.000
7427 	 0.010
7428 	 0.000
7454 	 0.000
7455 	 0.010
7456 	 0.000
7460 	 0.000
7461 	 0.010
7462 	 0.000
7483 	 0.000
7484 	 0.010
7485 	 0.000
7487 	 0.000
7488 	 0.010
7489 	 0.000
7495 	 0.000
7496 	 0.010
7497 	 0.000
7503 	 0.000
7504 	 0.010
7505 	 0.000
7518 	 0.000
7519 	 0.010
7520 	 0.000
7536 	 0.000
7537 	 0.020
7538 	 0.000
7556 	 0.000
7557 	 0.010
7558 	 0.000
7560 	 0.000
7561 	 0.010
7562 	 0.000
7578 	 0.000
7579 	 0.010
7580 	 0.010
7581 	 0.000
7599 	 0.000
7600 	 0.010
7601 	 0.000
7604 	 0.000
7605 	 0.010
7606 	 0.000
7651 	 0.000
7652 	 0.010
7653 	 0.000
7677 	 0.000
7678 	 0.010
7679 	 0.000
7680 	 0.000
7681 	 0.010
7682 	 0.000
7699 	 0.000
7700 	 0.010
7701 	 0.000
7715 	 0.000
7716 	 0.010
7717 	 0.000
7737 	 0.000
7738 	 0.010
7739 	 0.000
7744 	 0.000
7745 	 0.010
7746 	 0.000
7759 	 0.000
7760 	 0.010
7761 	 0.000
7769 	 0.000
7770 	 0.020
7771 	 0.000
7772 	 0.010
7773 	 0.000
7792 	 0.000
7793 	 0.010
7794 	 0.000
7808 	 0.000
7809 	 0.010
7810 	 0.000
7878 	 0.000
7879 	 0.010
7880 	 0.000
7881 	 0.010
7882 	 0.000
7884 	 0.000
7885 	 0.010
7886 	 0.000
7893 	 0.000
7894 	 0.010
7895 	 0.000
7924 	 0.000
7925 	 0.010
7926 	 0.000
7945 	 0.000
7946 	 0.010
7947 	 0.000
7953 	 0.000
7954 	 0.010
7955 	 0.000
7958 	 0.000
7959 	 0.010
7960 	 0.000
7961 	 0.000
7962 	 0.010
7963 	 0.000
7974 	 0.000
7975 	 0.010
7976 	 0.000
7978 	 0.000
7979 	 0.010
7980 	 0.000
8002 	 0.000
8003 	 0.010
8004 	 0.000
8019 	 0.000
8020 	 0.010
8021 	 0.000
8022 	 0.010
8023 	 0.000
8036 	 0.000
8037 	 0.010
8038 	 0.000
8049 	 0.000
8050 	 0.010
8051 	 0.000
8052 	 0.000
8053 	 0.010
8054 	 0.000
8095 	 0.000
8096 	 0.010
8097 	 0.010
8098 	 0.000
8128 	 0.000
8129 	 0.010
8130 	 0.000
8156 	 0.000
8157 	 0.020
8158 	 0.000
8160 	 0.000
8161 	 0.010
8162 	 0.000
8163 	 0.000
8164 	 0.010
8165 	 0.010
8166 	 0.000
8172 	 0.000
8173 	 0.010
8174 	 0.000
8205 	 0.000
8206 	 0.010
8207 	 0.000
8211 	 0.000
8212 	 0.010
8213 	 0.000
8218 	 0.000
8219 	 0.010
8220 	 0.000
8225 	 0.000
8226 	 0.010
8227 	 0.000
8244 	 0.000
8245 	 0.010
8246 	 0.000
8343 	 0.000
8344 	 0.010
8345 	 0.000
8348 	 0.000
8349 	 0.010
8350 	 0.010
8351 	 0.000
8359 	 0.000
8360 	 0.010
8361 	 0.000
8390 	 0.000
8391 	 0.010
8392 	 0.000
8393 	 0.010
8394 	 0.000
8395 	 0.010
8396 	 0.010
8397 	 0.000
8410 	 0.000
8411 	 0.010
8412 	 0.010
8413 	 0.000
8414 	 0.010
8415 	 0.000
8437 	 0.000
8438 	 0.010
8439 	 0.000
8443 	 0.000
8444 	 0.010
8445 	 0.000
8452 	 0.000
8453 	 0.010
8454 	 0.000
8457 	 0.000
8458 	 0.020
8459 	 0.000
8467 	 0.000
8468 	 0.010
8469 	 0.000
8485 	 0.000
8486 	 0.010
8487 	 0.000
8498 	 0.000
8499 	 0.010
8500 	 0.000
8503 	 0.000
8504 	 0.010
8505 	 0.000
8521 	 0.000
8522 	 0.010
8523 	 0.000
8539 	 0.000
8540 	 0.010
8541 	 0.000
8559 	 0.000
8560 	 0.010
8561 	 0.000
8563 	 0.000
8564 	 0.010
8565 	 0.000
8605 	 0.000
8606 	 0.010
8607 	 0.000
8608 	 0.010
8609 	 0.000
8616 	 0.000
8617 	 0.010
8618 	 0.000
8632 	 0.000
8633 	 0.010
8634 	 0.000
8639 	 0.000
8640 	 0.010
8641 	 0.000
8646 	 0.000
8647 	 0.010
8648 	 0.000
8682 	 0.000
8683 	 0.010
8684 	 0.000
8692 	 0.000
8693 	 0.010
8694 	 0.000
8707 	 0.000
8708 	 0.010
8709 	 0.000
8722 	 0.000
8723 	 0.010
8724 	 0.000
8745 	 0.000
8746 	 0.020
8747 	 0.000
8766 	 0.000
8767 	 0.010
8768 	 0.000
8781 	 0.000
8782 	 0.010
8783 	 0.000
8806 	 0.000
8807 	 0.010
8808 	 0.000
8818 	 0.000
8819 	 0.010
8820 	 0.000
8823 	 0.000
8824 	 0.010
8825 	 0.000
8854 	 0.000
8855 	 0.010
8856 	 0.000
8873 	 0.000
8874 	 0.010
8875 	 0.000
8885 	 0.000
8886 	 0.010
8887 	 0.000
8894 	 0.000
8895 	 0.010
8896 	 0.000
8897 	 0.000
8898 	 0.010
8899 	 0.000
8908 	 0.000
8909 	 0.010
8910 	 0.000
8930 	 0.000
8931 	 0.010
8932 	 0.000
8998 	 0.000
8999 	 0.010
9000 	 0.000
9030 	 0.000
9031 	 0.010
9032 	 0.000
9049 	 0.000
9050 	 0.010
9051 	 0.000
9067 	 0.000
9068 	 0.010
9069 	 0.000
9094 	 0.000
9095 	 0.010
9096 	 0.000
9105 	 0.000
9106 	 0.010
9107 	 0.000
9141 	 0.000
9142 	 0.010
9143 	 0.000
9151 	 0.000
9152 	 0.010
9153 	 0.000
9157 	 0.000
9158 	 0.010
9159 	 0.000
9196 	 0.000
9197 	 0.010
9198 	 0.000
9201 	 0.000
9202 	 0.010
9203 	 0.000
9235 	 0.000
9236 	 0.010
9237 	 0.000
9250 	 0.000
9251 	 0.010
9252 	 0.000
9297 	 0.000
9298 	 0.010
9299 	 0.000
9310 	 0.000
9311 	 0.010
9312 	 0.000
9367 	 0.000
9368 	 0.010
9369 	 0.000
9393 	 0.000
9394 	 0.010
9395 	 0.000
9415 	 0.000
9416 	 0.010
9417 	 0.000
9419 	 0.000
9420 	 0.010
9421 	 0.000
9502 	 0.000
9503 	 0.010
9504 	 0.000
9527 	 0.000
9528 	 0.010
9529 	 0.000
9551 	 0.000
9552 	 0.010
9553 	 0.000
9586 	 0.000
9587 	 0.010
9588 	 0.000
9608 	 0.000
9609 	 0.010
9610 	 0.000
9619 	 0.000
9620 	 0.010
9621 	 0.000
9641 	 0.000
9642 	 0.010
9643 	 0.000
9666 	 0.000
9667 	 0.010
9668 	 0.000
9733 	 0.000
9734 	 0.010
9735 	 0.000
9751 	 0.000
9752 	 0.010
9753 	 0.000
9763 	 0.000
9764 	 0.010
9765 	 0.000
9830 	 0.000
9831 	 0.010
9832 	 0.000
9890 	 0.000
9891 	 0.010
9892 	 0.000
9904 	 0.000
9905 	 0.010
9906 	 0.000
9952 	 0.000
9953 	 0.010
9954 	 0.000
9978 	 0.000
9979 	 0.010
9980 	 0.000
9996 	 0.000
9997 	 0.010
9998 	 0.000
10090 	 0.000
10091 	 0.010
10092 	 0.010
10093 	 0.000
10124 	 0.000
10125 	 0.010
10126 	 0.000
10167 	 0.000
10168 	 0.010
10169 	 0.000
10242 	 0.000
10243 	 0.010
10244 	 0.000
10295 	 0.000
10296 	 0.010
10297 	 0.000
10303 	 0.000
10304 	 0.010
10305 	 0.000
10327 	 0.000
10328 	 0.010
10329 	 0.000
10360 	 0.000
10361 	 0.010
10362 	 0.000
10399 	 0.000
10400 	 0.010
10401 	 0.000
10519 	 0.000
10520 	 0.010
10521 	 0.000
10574 	 0.000
10575 	 0.010
10576 	 0.000
10690 	 0.000
10691 	 0.010
10692 	 0.000
10697 	 0.000
10698 	 0.010
10699 	 0.010
10700 	 0.000
10741 	 0.000
10742 	 0.010
10743 	 0.000
10759 	 0.000
10760 	 0.010
10761 	 0.000
10835 	 0.000
10836 	 0.010
10837 	 0.000
10850 	 0.000
10851 	 0.010
10852 	 0.000
10865 	 0.000
10866 	 0.010
10867 	 0.000
10878 	 0.000
10879 	 0.010
10880 	 0.000
10900 	 0.000
10901 	 0.010
10902 	 0.000
10981 	 0.000
10982 	 0.010
10983 	 0.000
10995 	 0.000
10996 	 0.010
10997 	 0.000
10998 	 0.000
10999 	 0.010
11000 	 0.000
11007 	 0.000
11008 	 0.010
11009 	 0.000
11038 	 0.000
11039 	 0.010
11040 	 0.000
11042 	 0.000
11043 	 0.010
11044 	 0.000
11047 	 0.000
11048 	 0.010
11049 	 0.000
11074 	 0.000
11075 	 0.010
11076 	 0.000
11084 	 0.000
11085 	 0.010
11086 	 0.000
11148 	 0.000
11149 	 0.010
11150 	 0.000
11213 	 0.000
11214 	 0.010
11215 	 0.000
11354 	 0.000
11355 	 0.010
11356 	 0.000
11391 	 0.000
11392 	 0.010
11393 	 0.010
11394 	 0.000
11396 	 0.000
11397 	 0.010
11398 	 0.000
11439 	 0.000
11440 	 0.010
11441 	 0.000
11464 	 0.000
11465 	 0.010
11466 	 0.000
11492 	 0.000
11493 	 0.010
11494 	 0.000
11505 	 0.000
11506 	 0.010
11507 	 0.000
11588 	 0.000
11589 	 0.010
11590 	 0.000
11599 	 0.000
11600 	 0.010
11601 	 0.000
11607 	 0.000
11608 	 0.010
11609 	 0.000
11803 	 0.000
11804 	 0.010
11805 	 0.000
11884 	 0.000
11885 	 0.010
11886 	 0.000
12090 	 0.000
12091 	 0.010
12092 	 0.000
12136 	 0.000
12137 	 0.010
12138 	 0.000
12210 	 0.000
12211 	 0.010
12212 	 0.000
12216 	 0.000
12217 	 0.010
12218 	 0.000
12228 	 0.000
12229 	 0.010
12230 	 0.000
12491 	 0.000
12492 	 0.010
12493 	 0.000
12816 	 0.000
12817 	 0.010
12818 	 0.000
12893 	 0.000
12894 	 0.010
12895 	 0.000
13089 	 0.000
13090 	 0.010
13091 	 0.000
13126 	 0.000
13127 	 0.010
13128 	 0.000
13250 	 0.000
13251 	 0.010
13252 	 0.000
13253 	 0.010
13254 	 0.000
13315 	 0.000
13316 	 0.010
13317 	 0.000
13322 	 0.000
13323 	 0.010
13324 	 0.000
13378 	 0.000
13379 	 0.010
13380 	 0.000
13397 	 0.000
13398 	 0.010
13399 	 0.000
13458 	 0.000
13459 	 0.010
13460 	 0.000
13464 	 0.000
13465 	 0.010
13466 	 0.000
13545 	 0.000
13546 	 0.010
13547 	 0.000
13557 	 0.000
13558 	 0.010
13559 	 0.000
13621 	 0.000
13622 	 0.010
13623 	 0.000
13765 	 0.000
13766 	 0.010
13767 	 0.000
13987 	 0.000
13988 	 0.010
13989 	 0.000
14641 	 0.000
14642 	 0.010
14643 	 0.000
14841 	 0.000
14842 	 0.010
14843 	 0.000
14881 	 0.000
14882 	 0.010
14883 	 0.000
15458 	 0.000
15459 	 0.010
15460 	 0.000
15497 	 0.000
15498 	 0.010
15499 	 0.000
15549 	 0.000
15550 	 0.010
15551 	 0.000
15705 	 0.000
15706 	 0.010
15707 	 0.000
16091 	 0.000
16092 	 0.010
16093 	 0.000
16818 	 0.000
16819 	 0.010
16820 	 0.000
17530 	 0.000
17531 	 0.010
17532 	 0.000
17665 	 0.000
17666 	 0.010
17667 	 0.000
18211 	 0.000
18212 	 0.010
18213 	 0.000
18419 	 0.000
18420 	 0.010
18421 	 0.000
19914 	 0.000
19915 	 0.010
19916 	 0.000
21159 	 0.000
21160 	 0.010
21161 	 0.000
21874 	 0.000
21875 	 0.010
21876 	 0.000
26463 	 0.000
26464 	 0.010
26465 	 0.000
