# Xorshift64* seed is 12220476698487117816
# Matrix size is 1000 x 1000
# Probability of a cell to be non-empty is 57.000000%
# Collecting statistics over 100 iterations
# Size Count CountPerIteration
1 	 5154.980
2 	 1371.920
3 	 646.730
4 	 361.410
5 	 228.130
6 	 153.840
7 	 108.260
8 	 80.270
9 	 60.760
10 	 47.810
11 	 37.730
12 	 30.690
13 	 24.470
14 	 20.800
15 	 17.580
16 	 15.090
17 	 12.930
18 	 10.740
19 	 9.290
20 	 8.100
21 	 7.060
22 	 6.520
23 	 5.320
24 	 4.670
25 	 4.320
26 	 4.030
27 	 3.400
28 	 2.730
29 	 2.550
30 	 2.750
31 	 2.620
32 	 2.290
33 	 1.970
34 	 1.610
35 	 1.690
36 	 1.340
37 	 1.240
38 	 1.270
39 	 1.030
40 	 0.980
41 	 0.980
42 	 0.990
43 	 0.920
44 	 0.800
45 	 0.820
46 	 0.610
47 	 0.730
48 	 0.660
49 	 0.520
50 	 0.570
51 	 0.550
52 	 0.530
53 	 0.400
54 	 0.310
55 	 0.440
56 	 0.390
57 	 0.300
58 	 0.420
59 	 0.310
60 	 0.360
61 	 0.260
62 	 0.300
63 	 0.230
64 	 0.240
65 	 0.250
66 	 0.270
67 	 0.170
68 	 0.150
69 	 0.130
70 	 0.130
71 	 0.290
72 	 0.190
73 	 0.130
74 	 0.110
75 	 0.150
76 	 0.170
77 	 0.190
78 	 0.160
79 	 0.100
80 	 0.110
81 	 0.110
82 	 0.100
83 	 0.140
84 	 0.090
85 	 0.090
86 	 0.080
87 	 0.060
88 	 0.050
89 	 0.060
90 	 0.130
91 	 0.110
92 	 0.060
93 	 0.140
94 	 0.040
95 	 0.110
96 	 0.070
97 	 0.050
98 	 0.130
99 	 0.060
100 	 0.050
101 	 0.100
102 	 0.040
103 	 0.070
104 	 0.060
105 	 0.020
106 	 0.040
107 	 0.020
108 	 0.090
109 	 0.040
110 	 0.010
111 	 0.010
112 	 0.040
113 	 0.050
114 	 0.020
115 	 0.020
116 	 0.010
117 	 0.020
118 	 0.020
119 	 0.030
120 	 0.030
121 	 0.020
122 	 0.020
123 	 0.020
124 	 0.000
125 	 0.030
126 	 0.000
127 	 0.020
128 	 0.040
129 	 0.040
130 	 0.040
131 	 0.020
132 	 0.010
133 	 0.020
134 	 0.020
135 	 0.020
136 	 0.010
137 	 0.020
138 	 0.010
139 	 0.020
140 	 0.000
141 	 0.010
142 	 0.040
143 	 0.060
144 	 0.040
145 	 0.010
146 	 0.010
147 	 0.020
148 	 0.010
149 	 0.030
150 	 0.000
151 	 0.020
152 	 0.020
153 	 0.000
154 	 0.030
155 	 0.020
156 	 0.010
157 	 0.000
159 	 0.000
160 	 0.030
161 	 0.010
162 	 0.000
163 	 0.010
164 	 0.000
165 	 0.000
166 	 0.010
167 	 0.010
168 	 0.000
169 	 0.000
170 	 0.010
171 	 0.000
174 	 0.000
175 	 0.030
176 	 0.000
179 	 0.000
180 	 0.010
181 	 0.010
182 	 0.000
184 	 0.000
185 	 0.010
186 	 0.000
187 	 0.010
188 	 0.000
190 	 0.000
191 	 0.020
192 	 0.000
193 	 0.000
194 	 0.020
195 	 0.010
196 	 0.000
200 	 0.000
201 	 0.020
202 	 0.010
203 	 0.000
204 	 0.020
205 	 0.000
206 	 0.010
207 	 0.010
208 	 0.000
212 	 0.000
213 	 0.010
214 	 0.000
225 	 0.000
226 	 0.010
227 	 0.010
228 	 0.000
235 	 0.000
236 	 0.020
237 	 0.000
239 	 0.000
240 	 0.010
241 	 0.000
244 	 0.000
245 	 0.010
246 	 0.010
247 	 0.000
257 	 0.000
258 	 0.010
259 	 0.000
260 	 0.010
261 	 0.000
267 	 0.000
268 	 0.010
269 	 0.000
294 	 0.000
295 	 0.010
296 	 0.000
298 	 0.000
299 	 0.010
300 	 0.000
303 	 0.000
304 	 0.010
305 	 0.000
312 	 0.000
313 	 0.010
314 	 0.000
386 	 0.000
387 	 0.010
388 	 0.000
415 	 0.000
416 	 0.010
417 	 0.000
546897 	 0.000
546898 	 0.010
546899 	 0.000
546961 	 0.000
546962 	 0.010
546963 	 0.000
547011 	 0.000
547012 	 0.010
547013 	 0.000
547078 	 0.000
547079 	 0.010
547080 	 0.000
547253 	 0.000
547254 	 0.010
547255 	 0.000
547292 	 0.000
547293 	 0.010
547294 	 0.000
547310 	 0.000
547311 	 0.010
547312 	 0.000
547401 	 0.000
547402 	 0.010
547403 	 0.000
547448 	 0.000
547449 	 0.010
547450 	 0.000
547557 	 0.000
547558 	 0.010
547559 	 0.000
547560 	 0.000
547561 	 0.010
547562 	 0.000
547607 	 0.000
547608 	 0.010
547609 	 0.000
547718 	 0.000
547719 	 0.010
547720 	 0.000
547738 	 0.000
547739 	 0.010
547740 	 0.000
547743 	 0.000
547744 	 0.010
547745 	 0.000
547851 	 0.000
547852 	 0.010
547853 	 0.000
547889 	 0.000
547890 	 0.010
547891 	 0.000
547935 	 0.000
547936 	 0.010
547937 	 0.000
548009 	 0.000
548010 	 0.010
548011 	 0.000
548017 	 0.000
548018 	 0.010
548019 	 0.000
548061 	 0.000
548062 	 0.010
548063 	 0.000
548077 	 0.000
548078 	 0.010
548079 	 0.000
548084 	 0.000
548085 	 0.010
548086 	 0.000
548149 	 0.000
548150 	 0.010
548151 	 0.000
548192 	 0.000
548193 	 0.010
548194 	 0.000
548307 	 0.000
548308 	 0.010
548309 	 0.000
548312 	 0.000
548313 	 0.010
548314 	 0.000
548330 	 0.000
548331 	 0.010
548332 	 0.000
548333 	 0.010
548334 	 0.000
548351 	 0.000
548352 	 0.010
548353 	 0.000
548357 	 0.000
548358 	 0.010
548359 	 0.000
548361 	 0.000
548362 	 0.010
548363 	 0.000
548388 	 0.000
548389 	 0.010
548390 	 0.000
548448 	 0.000
548449 	 0.010
548450 	 0.000
548458 	 0.000
548459 	 0.010
548460 	 0.000
548476 	 0.000
548477 	 0.010
548478 	 0.000
548519 	 0.000
548520 	 0.010
548521 	 0.000
548531 	 0.000
548532 	 0.010
548533 	 0.000
548547 	 0.000
548548 	 0.010
548549 	 0.000
548575 	 0.000
548576 	 0.010
548577 	 0.000
548593 	 0.000
548594 	 0.010
548595 	 0.000
548603 	 0.000
548604 	 0.010
548605 	 0.000
548610 	 0.000
548611 	 0.010
548612 	 0.000
548618 	 0.000
548619 	 0.010
548620 	 0.000
548633 	 0.000
548634 	 0.010
548635 	 0.000
548677 	 0.000
548678 	 0.010
548679 	 0.000
548687 	 0.000
548688 	 0.010
548689 	 0.000
548690 	 0.000
548691 	 0.010
548692 	 0.000
548721 	 0.000
548722 	 0.010
548723 	 0.000
548749 	 0.000
548750 	 0.010
548751 	 0.000
548799 	 0.000
548800 	 0.010
548801 	 0.000
548828 	 0.000
548829 	 0.010
548830 	 0.000
548831 	 0.010
548832 	 0.000
548858 	 0.000
548859 	 0.010
548860 	 0.000
548886 	 0.000
548887 	 0.010
548888 	 0.000
548889 	 0.000
548890 	 0.010
548891 	 0.000
548899 	 0.000
548900 	 0.010
548901 	 0.000
548938 	 0.000
548939 	 0.010
548940 	 0.000
548949 	 0.000
548950 	 0.010
548951 	 0.000
548984 	 0.000
548985 	 0.010
548986 	 0.000
548992 	 0.000
548993 	 0.010
548994 	 0.000
549008 	 0.000
549009 	 0.010
549010 	 0.000
549040 	 0.000
549041 	 0.010
549042 	 0.000
549043 	 0.000
549044 	 0.010
549045 	 0.000
549070 	 0.000
549071 	 0.010
549072 	 0.000
549093 	 0.000
549094 	 0.010
549095 	 0.000
549096 	 0.000
549097 	 0.010
549098 	 0.000
549124 	 0.000
549125 	 0.010
549126 	 0.000
549135 	 0.000
549136 	 0.010
549137 	 0.000
549144 	 0.000
549145 	 0.010
549146 	 0.000
549148 	 0.000
549149 	 0.010
549150 	 0.000
549172 	 0.000
549173 	 0.010
549174 	 0.000
549215 	 0.000
549216 	 0.010
549217 	 0.000
549239 	 0.000
549240 	 0.010
549241 	 0.000
549242 	 0.010
549243 	 0.000
549259 	 0.000
549260 	 0.010
549261 	 0.000
549295 	 0.000
549296 	 0.010
549297 	 0.000
549299 	 0.000
549300 	 0.010
549301 	 0.000
549337 	 0.000
549338 	 0.010
549339 	 0.000
549383 	 0.000
549384 	 0.010
549385 	 0.000
549423 	 0.000
549424 	 0.010
549425 	 0.000
549441 	 0.000
549442 	 0.010
549443 	 0.010
549444 	 0.000
549449 	 0.000
549450 	 0.010
549451 	 0.000
549606 	 0.000
549607 	 0.010
549608 	 0.000
549736 	 0.000
549737 	 0.010
549738 	 0.000
549764 	 0.000
549765 	 0.010
549766 	 0.000
549773 	 0.000
549774 	 0.010
549775 	 0.000
549779 	 0.000
549780 	 0.010
549781 	 0.000
549820 	 0.000
549821 	 0.010
549822 	 0.000
549918 	 0.000
549919 	 0.010
549920 	 0.000
549937 	 0.000
549938 	 0.010
549939 	 0.000
549998 	 0.000
549999 	 0.010
550000 	 0.000
550049 	 0.000
550050 	 0.010
550051 	 0.000
550102 	 0.000
550103 	 0.010
550104 	 0.000
550212 	 0.000
550213 	 0.010
550214 	 0.000
550252 	 0.000
550253 	 0.010
550254 	 0.000
550291 	 0.000
550292 	 0.010
550293 	 0.000
550476 	 0.000
550477 	 0.010
550478 	 0.000
550481 	 0.000
550482 	 0.010
550483 	 0.000
