# Xorshift64* seed is 1375678644306990308
# Matrix size is 1000 x 1000
# Probability of a cell to be non-empty is 46.000000%
# Collecting statistics over 100 iterations
# Size Count CountPerIteration
1 	 13844.710
2 	 4829.800
3 	 2657.430
4 	 1710.130
5 	 1198.770
6 	 895.750
7 	 694.640
8 	 558.540
9 	 461.550
10 	 389.630
11 	 325.720
12 	 286.330
13 	 249.820
14 	 222.110
15 	 196.610
16 	 176.730
17 	 157.970
18 	 145.370
19 	 133.370
20 	 120.230
21 	 111.640
22 	 103.130
23 	 94.910
24 	 90.450
25 	 82.910
26 	 77.730
27 	 73.760
28 	 69.440
29 	 66.530
30 	 60.280
31 	 57.850
32 	 54.910
33 	 51.010
34 	 49.410
35 	 46.670
36 	 44.530
37 	 43.650
38 	 40.190
39 	 39.390
40 	 37.950
41 	 35.610
42 	 34.870
43 	 32.880
44 	 31.230
45 	 30.090
46 	 29.490
47 	 27.430
48 	 27.040
49 	 25.800
50 	 25.870
51 	 24.790
52 	 24.190
53 	 22.860
54 	 22.230
55 	 22.290
56 	 21.130
57 	 20.180
58 	 19.390
59 	 18.920
60 	 18.800
61 	 17.740
62 	 18.190
63 	 17.030
64 	 16.790
65 	 16.670
66 	 16.370
67 	 15.670
68 	 15.260
69 	 14.440
70 	 13.840
71 	 13.560
72 	 13.100
73 	 13.600
74 	 13.690
75 	 13.230
76 	 12.320
77 	 12.130
78 	 11.600
79 	 12.100
80 	 11.490
81 	 11.090
82 	 10.990
83 	 10.650
84 	 10.480
85 	 10.500
86 	 9.890
87 	 10.330
88 	 9.540
89 	 9.250
90 	 9.420
91 	 8.910
92 	 9.140
93 	 8.920
94 	 8.550
95 	 8.530
96 	 8.260
97 	 8.620
98 	 7.560
99 	 7.990
100 	 8.230
101 	 7.670
102 	 7.770
103 	 7.340
104 	 7.170
105 	 7.230
106 	 7.400
107 	 7.320
108 	 6.670
109 	 6.160
110 	 7.170
111 	 6.880
112 	 6.540
113 	 6.330
114 	 6.150
115 	 5.840
116 	 6.070
117 	 5.690
118 	 5.810
119 	 5.810
120 	 5.440
121 	 6.080
122 	 5.630
123 	 5.290
124 	 5.590
125 	 5.800
126 	 5.180
127 	 5.210
128 	 5.470
129 	 5.210
130 	 4.660
131 	 4.680
132 	 5.030
133 	 4.840
134 	 4.630
135 	 4.460
136 	 4.640
137 	 4.710
138 	 4.350
139 	 4.710
140 	 4.300
141 	 4.450
142 	 4.090
143 	 4.280
144 	 4.530
145 	 4.270
146 	 4.110
147 	 3.920
148 	 4.150
149 	 4.010
150 	 3.420
151 	 3.820
152 	 3.580
153 	 3.940
154 	 3.590
155 	 3.970
156 	 3.550
157 	 3.570
158 	 3.610
159 	 3.690
160 	 3.500
161 	 3.340
162 	 3.350
163 	 3.500
164 	 3.180
165 	 3.340
166 	 3.130
167 	 3.240
168 	 3.060
169 	 3.360
170 	 2.980
171 	 3.070
172 	 3.000
173 	 2.930
174 	 3.090
175 	 3.050
176 	 2.730
177 	 2.720
178 	 2.950
179 	 3.060
180 	 2.850
181 	 2.720
182 	 2.560
183 	 2.820
184 	 2.450
185 	 2.720
186 	 2.800
187 	 2.580
188 	 2.510
189 	 2.750
190 	 2.370
191 	 2.340
192 	 2.420
193 	 2.680
194 	 2.540
195 	 2.590
196 	 2.270
197 	 2.280
198 	 2.370
199 	 2.360
200 	 2.230
201 	 2.420
202 	 2.270
203 	 2.170
204 	 2.180
205 	 2.220
206 	 2.110
207 	 2.370
208 	 2.350
209 	 2.140
210 	 2.140
211 	 2.230
212 	 2.080
213 	 2.170
214 	 2.140
215 	 2.010
216 	 1.950
217 	 2.180
218 	 2.200
219 	 1.930
220 	 1.810
221 	 1.960
222 	 1.730
223 	 1.860
224 	 1.740
225 	 1.740
226 	 1.950
227 	 1.790
228 	 2.000
229 	 1.930
230 	 1.780
231 	 1.760
232 	 2.130
233 	 2.020
234 	 1.810
235 	 2.020
236 	 1.960
237 	 1.580
238 	 1.370
239 	 1.650
240 	 1.750
241 	 1.680
242 	 1.790
243 	 1.700
244 	 1.490
245 	 1.660
246 	 1.620
247 	 1.820
248 	 1.530
249 	 1.790
250 	 1.500
251 	 1.550
252 	 1.470
253 	 1.450
254 	 1.470
255 	 1.770
256 	 1.580
257 	 1.650
258 	 1.530
259 	 1.490
260 	 1.500
261 	 1.540
262 	 1.290
263 	 1.370
264 	 1.550
265 	 1.520
266 	 1.610
267 	 1.330
268 	 1.530
269 	 1.490
270 	 1.290
271 	 1.600
272 	 1.390
273 	 1.260
274 	 1.350
275 	 1.480
276 	 1.370
277 	 1.100
278 	 1.560
279 	 1.450
280 	 1.430
281 	 1.460
282 	 1.520
283 	 1.220
284 	 1.310
285 	 1.200
286 	 1.390
287 	 1.240
288 	 1.280
289 	 1.260
290 	 1.100
291 	 1.260
292 	 1.440
293 	 1.030
294 	 1.180
295 	 1.270
296 	 1.220
297 	 1.220
298 	 1.270
299 	 1.050
300 	 0.940
301 	 1.160
302 	 0.960
303 	 1.250
304 	 1.120
305 	 0.990
306 	 1.040
307 	 1.060
308 	 0.900
309 	 1.100
310 	 1.210
311 	 1.030
312 	 0.930
313 	 1.130
314 	 1.040
315 	 1.100
316 	 0.990
317 	 1.150
318 	 1.010
319 	 0.920
320 	 1.060
321 	 0.860
322 	 0.960
323 	 1.060
324 	 0.840
325 	 1.030
326 	 1.070
327 	 1.030
328 	 0.980
329 	 1.010
330 	 1.090
331 	 1.010
332 	 0.810
333 	 0.920
334 	 1.040
335 	 1.060
336 	 0.970
337 	 0.840
338 	 0.850
339 	 0.920
340 	 0.950
341 	 0.950
342 	 0.940
343 	 0.790
344 	 0.820
345 	 0.920
346 	 0.900
347 	 0.710
348 	 0.900
349 	 0.710
350 	 0.740
351 	 0.800
352 	 0.850
353 	 0.810
354 	 0.810
355 	 0.780
356 	 0.710
357 	 0.820
358 	 0.750
359 	 0.870
360 	 0.840
361 	 0.700
362 	 0.780
363 	 0.730
364 	 0.750
365 	 0.760
366 	 1.000
367 	 0.840
368 	 0.760
369 	 0.830
370 	 0.640
371 	 0.700
372 	 0.640
373 	 0.850
374 	 0.560
375 	 0.670
376 	 0.650
377 	 0.680
378 	 0.730
379 	 0.750
380 	 0.870
381 	 0.700
382 	 0.510
383 	 0.710
384 	 0.820
385 	 0.760
386 	 0.790
387 	 0.820
388 	 0.660
389 	 0.670
390 	 0.680
391 	 0.640
392 	 0.700
393 	 0.610
394 	 0.570
395 	 0.730
396 	 0.670
397 	 0.730
398 	 0.610
399 	 0.640
400 	 0.720
401 	 0.720
402 	 0.460
403 	 0.670
404 	 0.730
405 	 0.560
406 	 0.500
407 	 0.630
408 	 0.640
409 	 0.710
410 	 0.510
411 	 0.740
412 	 0.680
413 	 0.550
414 	 0.540
415 	 0.500
416 	 0.610
417 	 0.610
418 	 0.730
419 	 0.700
420 	 0.580
421 	 0.510
422 	 0.550
423 	 0.530
424 	 0.670
425 	 0.600
426 	 0.580
427 	 0.630
428 	 0.570
429 	 0.520
430 	 0.640
431 	 0.550
432 	 0.620
433 	 0.460
434 	 0.700
435 	 0.660
436 	 0.570
437 	 0.400
438 	 0.440
439 	 0.350
440 	 0.730
441 	 0.550
442 	 0.580
443 	 0.550
444 	 0.560
445 	 0.490
446 	 0.430
447 	 0.470
448 	 0.540
449 	 0.450
450 	 0.520
451 	 0.510
452 	 0.490
453 	 0.480
454 	 0.490
455 	 0.570
456 	 0.510
457 	 0.420
458 	 0.430
459 	 0.450
460 	 0.440
461 	 0.480
462 	 0.480
463 	 0.590
464 	 0.510
465 	 0.460
466 	 0.480
467 	 0.460
468 	 0.540
469 	 0.420
470 	 0.460
471 	 0.450
472 	 0.560
473 	 0.410
474 	 0.380
475 	 0.420
476 	 0.460
477 	 0.490
478 	 0.510
479 	 0.460
480 	 0.410
481 	 0.410
482 	 0.500
483 	 0.350
484 	 0.450
485 	 0.470
486 	 0.430
487 	 0.400
488 	 0.430
489 	 0.330
490 	 0.330
491 	 0.390
492 	 0.370
493 	 0.450
494 	 0.350
495 	 0.520
496 	 0.480
497 	 0.410
498 	 0.440
499 	 0.470
500 	 0.510
501 	 0.390
502 	 0.390
503 	 0.350
504 	 0.400
505 	 0.440
506 	 0.420
507 	 0.510
508 	 0.360
509 	 0.310
510 	 0.340
511 	 0.310
512 	 0.380
513 	 0.390
514 	 0.470
515 	 0.390
516 	 0.450
517 	 0.450
518 	 0.340
519 	 0.370
520 	 0.300
521 	 0.290
522 	 0.430
523 	 0.390
524 	 0.430
525 	 0.370
526 	 0.290
527 	 0.400
528 	 0.470
529 	 0.230
530 	 0.400
531 	 0.410
532 	 0.400
533 	 0.430
534 	 0.410
535 	 0.380
536 	 0.400
537 	 0.340
538 	 0.340
539 	 0.420
540 	 0.270
541 	 0.480
542 	 0.390
543 	 0.340
544 	 0.320
545 	 0.320
546 	 0.370
547 	 0.410
548 	 0.300
549 	 0.320
550 	 0.300
551 	 0.340
552 	 0.250
553 	 0.290
554 	 0.310
555 	 0.300
556 	 0.260
557 	 0.380
558 	 0.290
559 	 0.390
560 	 0.220
561 	 0.300
562 	 0.270
563 	 0.250
564 	 0.380
565 	 0.300
566 	 0.380
567 	 0.370
568 	 0.360
569 	 0.180
570 	 0.370
571 	 0.390
572 	 0.260
573 	 0.350
574 	 0.200
575 	 0.330
576 	 0.230
577 	 0.330
578 	 0.390
579 	 0.280
580 	 0.310
581 	 0.350
582 	 0.260
583 	 0.210
584 	 0.320
585 	 0.270
586 	 0.270
587 	 0.260
588 	 0.220
589 	 0.210
590 	 0.290
591 	 0.220
592 	 0.300
593 	 0.250
594 	 0.250
595 	 0.240
596 	 0.180
597 	 0.300
598 	 0.280
599 	 0.400
600 	 0.260
601 	 0.300
602 	 0.380
603 	 0.310
604 	 0.220
605 	 0.230
606 	 0.270
607 	 0.280
608 	 0.270
609 	 0.270
610 	 0.300
611 	 0.280
612 	 0.320
613 	 0.310
614 	 0.230
615 	 0.260
616 	 0.310
617 	 0.250
618 	 0.210
619 	 0.330
620 	 0.280
621 	 0.330
622 	 0.230
623 	 0.180
624 	 0.270
625 	 0.330
626 	 0.260
627 	 0.220
628 	 0.250
629 	 0.310
630 	 0.350
631 	 0.280
632 	 0.290
633 	 0.330
634 	 0.300
635 	 0.210
636 	 0.150
637 	 0.150
638 	 0.160
639 	 0.250
640 	 0.240
641 	 0.300
642 	 0.270
643 	 0.270
644 	 0.180
645 	 0.180
646 	 0.240
647 	 0.280
648 	 0.250
649 	 0.290
650 	 0.180
651 	 0.280
652 	 0.200
653 	 0.140
654 	 0.190
655 	 0.220
656 	 0.190
657 	 0.210
658 	 0.140
659 	 0.180
660 	 0.210
661 	 0.180
662 	 0.170
663 	 0.230
664 	 0.180
665 	 0.250
666 	 0.100
667 	 0.140
668 	 0.260
669 	 0.160
670 	 0.190
671 	 0.200
672 	 0.130
673 	 0.210
674 	 0.330
675 	 0.240
676 	 0.280
677 	 0.180
678 	 0.220
679 	 0.230
680 	 0.270
681 	 0.270
682 	 0.250
683 	 0.200
684 	 0.230
685 	 0.290
686 	 0.190
687 	 0.170
688 	 0.250
689 	 0.170
690 	 0.160
691 	 0.160
692 	 0.180
693 	 0.140
694 	 0.240
695 	 0.160
696 	 0.200
697 	 0.220
698 	 0.170
699 	 0.220
700 	 0.150
701 	 0.280
702 	 0.190
703 	 0.230
704 	 0.210
705 	 0.130
706 	 0.260
707 	 0.180
708 	 0.150
709 	 0.250
710 	 0.180
711 	 0.100
712 	 0.190
713 	 0.130
714 	 0.200
715 	 0.220
716 	 0.170
717 	 0.270
718 	 0.220
719 	 0.200
720 	 0.210
721 	 0.200
722 	 0.170
723 	 0.170
724 	 0.150
725 	 0.200
726 	 0.150
727 	 0.170
728 	 0.140
729 	 0.150
730 	 0.140
731 	 0.230
732 	 0.110
733 	 0.110
734 	 0.190
735 	 0.150
736 	 0.180
737 	 0.160
738 	 0.180
739 	 0.110
740 	 0.180
741 	 0.150
742 	 0.110
743 	 0.190
744 	 0.200
745 	 0.130
746 	 0.130
747 	 0.190
748 	 0.170
749 	 0.060
750 	 0.130
751 	 0.210
752 	 0.130
753 	 0.200
754 	 0.130
755 	 0.200
756 	 0.170
757 	 0.130
758 	 0.160
759 	 0.220
760 	 0.140
761 	 0.210
762 	 0.150
763 	 0.120
764 	 0.190
765 	 0.110
766 	 0.170
767 	 0.130
768 	 0.140
769 	 0.100
770 	 0.110
771 	 0.120
772 	 0.190
773 	 0.140
774 	 0.140
775 	 0.180
776 	 0.170
777 	 0.130
778 	 0.160
779 	 0.160
780 	 0.130
781 	 0.100
782 	 0.160
783 	 0.100
784 	 0.130
785 	 0.100
786 	 0.100
787 	 0.180
788 	 0.130
789 	 0.100
790 	 0.080
791 	 0.190
792 	 0.200
793 	 0.190
794 	 0.150
795 	 0.120
796 	 0.140
797 	 0.110
798 	 0.210
799 	 0.150
800 	 0.130
801 	 0.140
802 	 0.160
803 	 0.170
804 	 0.150
805 	 0.130
806 	 0.130
807 	 0.120
808 	 0.160
809 	 0.100
810 	 0.080
811 	 0.170
812 	 0.170
813 	 0.160
814 	 0.170
815 	 0.130
816 	 0.100
817 	 0.110
818 	 0.150
819 	 0.170
820 	 0.150
821 	 0.100
822 	 0.130
823 	 0.170
824 	 0.150
825 	 0.110
826 	 0.120
827 	 0.080
828 	 0.160
829 	 0.090
830 	 0.130
831 	 0.110
832 	 0.200
833 	 0.180
834 	 0.180
835 	 0.130
836 	 0.150
837 	 0.130
838 	 0.070
839 	 0.070
840 	 0.110
841 	 0.100
842 	 0.120
843 	 0.100
844 	 0.080
845 	 0.130
846 	 0.110
847 	 0.120
848 	 0.100
849 	 0.150
850 	 0.130
851 	 0.140
852 	 0.100
853 	 0.150
854 	 0.100
855 	 0.100
856 	 0.140
857 	 0.130
858 	 0.160
859 	 0.070
860 	 0.110
861 	 0.140
862 	 0.110
863 	 0.130
864 	 0.110
865 	 0.140
866 	 0.190
867 	 0.140
868 	 0.080
869 	 0.090
870 	 0.130
871 	 0.160
872 	 0.040
873 	 0.120
874 	 0.120
875 	 0.110
876 	 0.070
877 	 0.100
878 	 0.080
879 	 0.080
880 	 0.120
881 	 0.100
882 	 0.100
883 	 0.080
884 	 0.100
885 	 0.130
886 	 0.080
887 	 0.060
888 	 0.110
889 	 0.080
890 	 0.060
891 	 0.080
892 	 0.140
893 	 0.110
894 	 0.110
895 	 0.100
896 	 0.140
897 	 0.160
898 	 0.050
899 	 0.070
900 	 0.120
901 	 0.110
902 	 0.110
903 	 0.090
904 	 0.070
905 	 0.110
906 	 0.050
907 	 0.050
908 	 0.120
909 	 0.110
910 	 0.090
911 	 0.090
912 	 0.090
913 	 0.100
914 	 0.100
915 	 0.100
916 	 0.140
917 	 0.050
918 	 0.130
919 	 0.100
920 	 0.140
921 	 0.040
922 	 0.060
923 	 0.170
924 	 0.140
925 	 0.120
926 	 0.090
927 	 0.200
928 	 0.140
929 	 0.110
930 	 0.120
931 	 0.070
932 	 0.080
933 	 0.100
934 	 0.140
935 	 0.130
936 	 0.110
937 	 0.020
938 	 0.110
939 	 0.060
940 	 0.090
941 	 0.100
942 	 0.070
943 	 0.100
944 	 0.060
945 	 0.070
946 	 0.100
947 	 0.120
948 	 0.090
949 	 0.210
950 	 0.050
951 	 0.110
952 	 0.050
953 	 0.100
954 	 0.110
955 	 0.080
956 	 0.080
957 	 0.090
958 	 0.110
959 	 0.100
960 	 0.120
961 	 0.070
962 	 0.090
963 	 0.100
964 	 0.070
965 	 0.100
966 	 0.070
967 	 0.070
968 	 0.110
969 	 0.060
970 	 0.060
971 	 0.090
972 	 0.080
973 	 0.100
974 	 0.090
975 	 0.110
976 	 0.090
977 	 0.070
978 	 0.060
979 	 0.080
980 	 0.040
981 	 0.110
982 	 0.100
983 	 0.080
984 	 0.070
985 	 0.110
986 	 0.080
987 	 0.050
988 	 0.110
989 	 0.070
990 	 0.060
991 	 0.080
992 	 0.070
993 	 0.060
994 	 0.050
995 	 0.030
996 	 0.090
997 	 0.080
998 	 0.050
999 	 0.050
1000 	 0.070
1001 	 0.090
1002 	 0.020
1003 	 0.080
1004 	 0.070
1005 	 0.070
1006 	 0.090
1007 	 0.040
1008 	 0.070
1009 	 0.040
1010 	 0.090
1011 	 0.080
1012 	 0.040
1013 	 0.080
1014 	 0.170
1015 	 0.070
1016 	 0.100
1017 	 0.110
1018 	 0.090
1019 	 0.090
1020 	 0.040
1021 	 0.090
1022 	 0.100
1023 	 0.010
1024 	 0.080
1025 	 0.070
1026 	 0.050
1027 	 0.080
1028 	 0.050
1029 	 0.050
1030 	 0.120
1031 	 0.050
1032 	 0.080
1033 	 0.030
1034 	 0.060
1035 	 0.040
1036 	 0.030
1037 	 0.130
1038 	 0.060
1039 	 0.080
1040 	 0.070
1041 	 0.020
1042 	 0.090
1043 	 0.080
1044 	 0.040
1045 	 0.080
1046 	 0.060
1047 	 0.090
1048 	 0.040
1049 	 0.070
1050 	 0.070
1051 	 0.080
1052 	 0.080
1053 	 0.060
1054 	 0.060
1055 	 0.040
1056 	 0.100
1057 	 0.110
1058 	 0.060
1059 	 0.080
1060 	 0.090
1061 	 0.090
1062 	 0.100
1063 	 0.080
1064 	 0.040
1065 	 0.070
1066 	 0.040
1067 	 0.040
1068 	 0.030
1069 	 0.070
1070 	 0.090
1071 	 0.070
1072 	 0.060
1073 	 0.060
1074 	 0.060
1075 	 0.060
1076 	 0.070
1077 	 0.040
1078 	 0.050
1079 	 0.040
1080 	 0.090
1081 	 0.060
1082 	 0.100
1083 	 0.060
1084 	 0.040
1085 	 0.090
1086 	 0.090
1087 	 0.070
1088 	 0.050
1089 	 0.100
1090 	 0.090
1091 	 0.060
1092 	 0.030
1093 	 0.030
1094 	 0.020
1095 	 0.060
1096 	 0.060
1097 	 0.040
1098 	 0.060
1099 	 0.050
1100 	 0.070
1101 	 0.070
1102 	 0.040
1103 	 0.090
1104 	 0.050
1105 	 0.030
1106 	 0.060
1107 	 0.060
1108 	 0.100
1109 	 0.030
1110 	 0.070
1111 	 0.010
1112 	 0.050
1113 	 0.050
1114 	 0.060
1115 	 0.080
1116 	 0.080
1117 	 0.070
1118 	 0.040
1119 	 0.090
1120 	 0.050
1121 	 0.040
1122 	 0.090
1123 	 0.070
1124 	 0.030
1125 	 0.050
1126 	 0.030
1127 	 0.060
1128 	 0.060
1129 	 0.080
1130 	 0.070
1131 	 0.060
1132 	 0.040
1133 	 0.030
1134 	 0.050
1135 	 0.080
1136 	 0.020
1137 	 0.020
1138 	 0.090
1139 	 0.070
1140 	 0.050
1141 	 0.090
1142 	 0.020
1143 	 0.120
1144 	 0.080
1145 	 0.040
1146 	 0.040
1147 	 0.010
1148 	 0.040
1149 	 0.070
1150 	 0.040
1151 	 0.050
1152 	 0.060
1153 	 0.060
1154 	 0.020
1155 	 0.070
1156 	 0.020
1157 	 0.090
1158 	 0.060
1159 	 0.090
1160 	 0.040
1161 	 0.040
1162 	 0.050
1163 	 0.050
1164 	 0.040
1165 	 0.050
1166 	 0.030
1167 	 0.050
1168 	 0.080
1169 	 0.100
1170 	 0.050
1171 	 0.010
1172 	 0.070
1173 	 0.060
1174 	 0.040
1175 	 0.050
1176 	 0.040
1177 	 0.040
1178 	 0.050
1179 	 0.020
1180 	 0.050
1181 	 0.050
1182 	 0.070
1183 	 0.040
1184 	 0.050
1185 	 0.070
1186 	 0.060
1187 	 0.080
1188 	 0.060
1189 	 0.050
1190 	 0.040
1191 	 0.070
1192 	 0.040
1193 	 0.080
1194 	 0.020
1195 	 0.050
1196 	 0.020
1197 	 0.020
1198 	 0.060
1199 	 0.040
1200 	 0.060
1201 	 0.070
1202 	 0.010
1203 	 0.050
1204 	 0.040
1205 	 0.090
1206 	 0.010
1207 	 0.050
1208 	 0.030
1209 	 0.100
1210 	 0.060
1211 	 0.020
1212 	 0.060
1213 	 0.040
1214 	 0.050
1215 	 0.070
1216 	 0.060
1217 	 0.020
1218 	 0.050
1219 	 0.030
1220 	 0.030
1221 	 0.050
1222 	 0.010
1223 	 0.080
1224 	 0.060
1225 	 0.050
1226 	 0.040
1227 	 0.070
1228 	 0.060
1229 	 0.060
1230 	 0.050
1231 	 0.040
1232 	 0.020
1233 	 0.040
1234 	 0.040
1235 	 0.020
1236 	 0.060
1237 	 0.040
1238 	 0.010
1239 	 0.020
1240 	 0.070
1241 	 0.030
1242 	 0.030
1243 	 0.040
1244 	 0.030
1245 	 0.040
1246 	 0.060
1247 	 0.020
1248 	 0.020
1249 	 0.050
1250 	 0.010
1251 	 0.030
1252 	 0.040
1253 	 0.080
1254 	 0.060
1255 	 0.040
1256 	 0.040
1257 	 0.040
1258 	 0.020
1259 	 0.020
1260 	 0.070
1261 	 0.040
1262 	 0.050
1263 	 0.020
1264 	 0.020
1265 	 0.060
1266 	 0.040
1267 	 0.030
1268 	 0.050
1269 	 0.010
1270 	 0.050
1271 	 0.040
1272 	 0.030
1273 	 0.060
1274 	 0.020
1275 	 0.010
1276 	 0.030
1277 	 0.030
1278 	 0.030
1279 	 0.030
1280 	 0.030
1281 	 0.050
1282 	 0.040
1283 	 0.080
1284 	 0.030
1285 	 0.060
1286 	 0.050
1287 	 0.020
1288 	 0.030
1289 	 0.030
1290 	 0.020
1291 	 0.040
1292 	 0.020
1293 	 0.040
1294 	 0.020
1295 	 0.060
1296 	 0.000
1297 	 0.040
1298 	 0.020
1299 	 0.030
1300 	 0.010
1301 	 0.050
1302 	 0.030
1303 	 0.050
1304 	 0.030
1305 	 0.020
1306 	 0.040
1307 	 0.030
1308 	 0.040
1309 	 0.050
1310 	 0.090
1311 	 0.040
1312 	 0.040
1313 	 0.040
1314 	 0.060
1315 	 0.020
1316 	 0.050
1317 	 0.040
1318 	 0.020
1319 	 0.120
1320 	 0.020
1321 	 0.020
1322 	 0.040
1323 	 0.020
1324 	 0.020
1325 	 0.000
1326 	 0.000
1327 	 0.040
1328 	 0.050
1329 	 0.070
1330 	 0.010
1331 	 0.020
1332 	 0.000
1333 	 0.070
1334 	 0.020
1335 	 0.040
1336 	 0.060
1337 	 0.050
1338 	 0.040
1339 	 0.020
1340 	 0.050
1341 	 0.020
1342 	 0.030
1343 	 0.020
1344 	 0.010
1345 	 0.040
1346 	 0.040
1347 	 0.020
1348 	 0.050
1349 	 0.050
1350 	 0.020
1351 	 0.010
1352 	 0.010
1353 	 0.020
1354 	 0.030
1355 	 0.040
1356 	 0.040
1357 	 0.050
1358 	 0.030
1359 	 0.030
1360 	 0.060
1361 	 0.080
1362 	 0.050
1363 	 0.020
1364 	 0.010
1365 	 0.060
1366 	 0.030
1367 	 0.020
1368 	 0.040
1369 	 0.000
1370 	 0.060
1371 	 0.030
1372 	 0.040
1373 	 0.020
1374 	 0.010
1375 	 0.060
1376 	 0.080
1377 	 0.010
1378 	 0.040
1379 	 0.020
1380 	 0.010
1381 	 0.030
1382 	 0.030
1383 	 0.010
1384 	 0.040
1385 	 0.020
1386 	 0.030
1387 	 0.030
1388 	 0.040
1389 	 0.050
1390 	 0.030
1391 	 0.010
1392 	 0.010
1393 	 0.010
1394 	 0.010
1395 	 0.040
1396 	 0.010
1397 	 0.050
1398 	 0.020
1399 	 0.020
1400 	 0.020
1401 	 0.020
1402 	 0.010
1403 	 0.020
1404 	 0.030
1405 	 0.010
1406 	 0.020
1407 	 0.030
1408 	 0.010
1409 	 0.030
1410 	 0.010
1411 	 0.010
1412 	 0.020
1413 	 0.010
1414 	 0.030
1415 	 0.020
1416 	 0.020
1417 	 0.030
1418 	 0.100
1419 	 0.020
1420 	 0.030
1421 	 0.040
1422 	 0.020
1423 	 0.010
1424 	 0.010
1425 	 0.010
1426 	 0.030
1427 	 0.060
1428 	 0.060
1429 	 0.040
1430 	 0.040
1431 	 0.000
1432 	 0.050
1433 	 0.060
1434 	 0.010
1435 	 0.030
1436 	 0.020
1437 	 0.010
1438 	 0.020
1439 	 0.050
1440 	 0.020
1441 	 0.040
1442 	 0.030
1443 	 0.000
1444 	 0.050
1445 	 0.010
1446 	 0.030
1447 	 0.000
1448 	 0.060
1449 	 0.030
1450 	 0.030
1451 	 0.050
1452 	 0.010
1453 	 0.020
1454 	 0.040
1455 	 0.010
1456 	 0.010
1457 	 0.010
1458 	 0.030
1459 	 0.060
1460 	 0.060
1461 	 0.040
1462 	 0.020
1463 	 0.020
1464 	 0.040
1465 	 0.040
1466 	 0.020
1467 	 0.010
1468 	 0.020
1469 	 0.060
1470 	 0.050
1471 	 0.010
1472 	 0.060
1473 	 0.020
1474 	 0.030
1475 	 0.020
1476 	 0.020
1477 	 0.010
1478 	 0.020
1479 	 0.020
1480 	 0.050
1481 	 0.020
1482 	 0.030
1483 	 0.020
1484 	 0.020
1485 	 0.030
1486 	 0.010
1487 	 0.020
1488 	 0.030
1489 	 0.050
1490 	 0.010
1491 	 0.040
1492 	 0.030
1493 	 0.020
1494 	 0.060
1495 	 0.020
1496 	 0.040
1497 	 0.020
1498 	 0.010
1499 	 0.010
1500 	 0.020
1501 	 0.050
1502 	 0.020
1503 	 0.020
1504 	 0.020
1505 	 0.000
1506 	 0.030
1507 	 0.010
1508 	 0.010
1509 	 0.010
1510 	 0.020
1511 	 0.020
1512 	 0.010
1513 	 0.040
1514 	 0.030
1515 	 0.030
1516 	 0.020
1517 	 0.010
1518 	 0.030
1519 	 0.010
1520 	 0.040
1521 	 0.030
1522 	 0.040
1523 	 0.050
1524 	 0.000
1525 	 0.030
1526 	 0.020
1527 	 0.000
1528 	 0.030
1529 	 0.010
1530 	 0.000
1531 	 0.010
1532 	 0.030
1533 	 0.030
1534 	 0.000
1535 	 0.010
1536 	 0.040
1537 	 0.000
1538 	 0.030
1539 	 0.000
1540 	 0.030
1541 	 0.020
1542 	 0.020
1543 	 0.010
1544 	 0.010
1545 	 0.020
1546 	 0.030
1547 	 0.030
1548 	 0.000
1549 	 0.040
1550 	 0.020
1551 	 0.020
1552 	 0.040
1553 	 0.020
1554 	 0.030
1555 	 0.040
1556 	 0.020
1557 	 0.000
1558 	 0.020
1559 	 0.010
1560 	 0.040
1561 	 0.040
1562 	 0.010
1563 	 0.000
1564 	 0.010
1565 	 0.020
1566 	 0.010
1567 	 0.030
1568 	 0.000
1569 	 0.020
1570 	 0.000
1571 	 0.000
1572 	 0.010
1573 	 0.030
1574 	 0.030
1575 	 0.020
1576 	 0.000
1577 	 0.030
1578 	 0.020
1579 	 0.030
1580 	 0.040
1581 	 0.020
1582 	 0.020
1583 	 0.010
1584 	 0.020
1585 	 0.010
1586 	 0.020
1587 	 0.030
1588 	 0.020
1589 	 0.030
1590 	 0.020
1591 	 0.020
1592 	 0.020
1593 	 0.030
1594 	 0.020
1595 	 0.010
1596 	 0.010
1597 	 0.010
1598 	 0.030
1599 	 0.020
1600 	 0.030
1601 	 0.020
1602 	 0.020
1603 	 0.010
1604 	 0.010
1605 	 0.010
1606 	 0.010
1607 	 0.010
1608 	 0.020
1609 	 0.020
1610 	 0.020
1611 	 0.010
1612 	 0.000
1613 	 0.000
1614 	 0.030
1615 	 0.010
1616 	 0.010
1617 	 0.000
1618 	 0.010
1619 	 0.020
1620 	 0.000
1621 	 0.020
1622 	 0.030
1623 	 0.010
1624 	 0.030
1625 	 0.020
1626 	 0.000
1627 	 0.020
1628 	 0.000
1629 	 0.000
1630 	 0.010
1631 	 0.060
1632 	 0.010
1633 	 0.010
1634 	 0.020
1635 	 0.010
1636 	 0.000
1637 	 0.010
1638 	 0.000
1639 	 0.000
1640 	 0.010
1641 	 0.020
1642 	 0.010
1643 	 0.000
1644 	 0.010
1645 	 0.010
1646 	 0.020
1647 	 0.000
1648 	 0.030
1649 	 0.020
1650 	 0.010
1651 	 0.030
1652 	 0.010
1653 	 0.030
1654 	 0.010
1655 	 0.010
1656 	 0.000
1657 	 0.010
1658 	 0.030
1659 	 0.010
1660 	 0.020
1661 	 0.000
1662 	 0.010
1663 	 0.020
1664 	 0.020
1665 	 0.000
1666 	 0.000
1667 	 0.040
1668 	 0.000
1669 	 0.010
1670 	 0.010
1671 	 0.020
1672 	 0.030
1673 	 0.010
1674 	 0.010
1675 	 0.020
1676 	 0.000
1677 	 0.030
1678 	 0.030
1679 	 0.000
1680 	 0.020
1681 	 0.040
1682 	 0.010
1683 	 0.020
1684 	 0.010
1685 	 0.020
1686 	 0.060
1687 	 0.010
1688 	 0.010
1689 	 0.020
1690 	 0.000
1691 	 0.020
1692 	 0.010
1693 	 0.020
1694 	 0.020
1695 	 0.020
1696 	 0.030
1697 	 0.010
1698 	 0.000
1699 	 0.020
1700 	 0.000
1702 	 0.000
1703 	 0.020
1704 	 0.030
1705 	 0.000
1706 	 0.010
1707 	 0.020
1708 	 0.020
1709 	 0.030
1710 	 0.010
1711 	 0.000
1712 	 0.020
1713 	 0.010
1714 	 0.040
1715 	 0.000
1716 	 0.000
1717 	 0.030
1718 	 0.020
1719 	 0.010
1720 	 0.000
1721 	 0.010
1722 	 0.010
1723 	 0.010
1724 	 0.010
1725 	 0.000
1726 	 0.010
1727 	 0.000
1728 	 0.000
1729 	 0.040
1730 	 0.010
1731 	 0.000
1732 	 0.010
1733 	 0.000
1734 	 0.010
1735 	 0.010
1736 	 0.020
1737 	 0.030
1738 	 0.010
1739 	 0.020
1740 	 0.020
1741 	 0.000
1742 	 0.010
1743 	 0.020
1744 	 0.040
1745 	 0.000
1746 	 0.000
1747 	 0.010
1748 	 0.050
1749 	 0.000
1750 	 0.010
1751 	 0.010
1752 	 0.020
1753 	 0.020
1754 	 0.000
1755 	 0.020
1756 	 0.020
1757 	 0.020
1758 	 0.020
1759 	 0.000
1760 	 0.050
1761 	 0.030
1762 	 0.000
1764 	 0.000
1765 	 0.010
1766 	 0.020
1767 	 0.010
1768 	 0.020
1769 	 0.020
1770 	 0.000
1771 	 0.020
1772 	 0.030
1773 	 0.010
1774 	 0.010
1775 	 0.000
1776 	 0.000
1777 	 0.020
1778 	 0.010
1779 	 0.010
1780 	 0.010
1781 	 0.010
1782 	 0.010
1783 	 0.000
1784 	 0.000
1785 	 0.010
1786 	 0.020
1787 	 0.020
1788 	 0.000
1789 	 0.010
1790 	 0.000
1792 	 0.000
1793 	 0.030
1794 	 0.020
1795 	 0.010
1796 	 0.010
1797 	 0.000
1798 	 0.010
1799 	 0.000
1800 	 0.010
1801 	 0.030
1802 	 0.020
1803 	 0.000
1804 	 0.010
1805 	 0.020
1806 	 0.000
1807 	 0.010
1808 	 0.020
1809 	 0.010
1810 	 0.020
1811 	 0.010
1812 	 0.000
1813 	 0.010
1814 	 0.000
1815 	 0.020
1816 	 0.010
1817 	 0.010
1818 	 0.000
1819 	 0.040
1820 	 0.000
1821 	 0.010
1822 	 0.000
1823 	 0.010
1824 	 0.000
1826 	 0.000
1827 	 0.010
1828 	 0.010
1829 	 0.000
1830 	 0.020
1831 	 0.030
1832 	 0.030
1833 	 0.020
1834 	 0.010
1835 	 0.010
1836 	 0.010
1837 	 0.020
1838 	 0.010
1839 	 0.020
1840 	 0.010
1841 	 0.020
1842 	 0.020
1843 	 0.010
1844 	 0.020
1845 	 0.010
1846 	 0.010
1847 	 0.010
1848 	 0.010
1849 	 0.000
1850 	 0.030
1851 	 0.000
1854 	 0.000
1855 	 0.010
1856 	 0.010
1857 	 0.000
1858 	 0.000
1859 	 0.020
1860 	 0.010
1861 	 0.000
1862 	 0.010
1863 	 0.010
1864 	 0.000
1865 	 0.030
1866 	 0.010
1867 	 0.010
1868 	 0.000
1869 	 0.030
1870 	 0.010
1871 	 0.010
1872 	 0.000
1873 	 0.000
1874 	 0.020
1875 	 0.010
1876 	 0.010
1877 	 0.000
1878 	 0.010
1879 	 0.000
1880 	 0.010
1881 	 0.010
1882 	 0.010
1883 	 0.010
1884 	 0.000
1885 	 0.000
1886 	 0.020
1887 	 0.000
1888 	 0.010
1889 	 0.010
1890 	 0.010
1891 	 0.010
1892 	 0.000
1897 	 0.000
1898 	 0.010
1899 	 0.010
1900 	 0.000
1901 	 0.010
1902 	 0.010
1903 	 0.000
1904 	 0.030
1905 	 0.030
1906 	 0.020
1907 	 0.000
1908 	 0.010
1909 	 0.010
1910 	 0.000
1911 	 0.030
1912 	 0.000
1913 	 0.010
1914 	 0.010
1915 	 0.040
1916 	 0.000
1917 	 0.020
1918 	 0.010
1919 	 0.020
1920 	 0.000
1922 	 0.000
1923 	 0.020
1924 	 0.010
1925 	 0.000
1926 	 0.010
1927 	 0.010
1928 	 0.000
1929 	 0.020
1930 	 0.010
1931 	 0.010
1932 	 0.010
1933 	 0.000
1936 	 0.000
1937 	 0.010
1938 	 0.000
1939 	 0.010
1940 	 0.000
1941 	 0.000
1942 	 0.010
1943 	 0.020
1944 	 0.010
1945 	 0.000
1946 	 0.020
1947 	 0.030
1948 	 0.010
1949 	 0.000
1950 	 0.000
1951 	 0.010
1952 	 0.020
1953 	 0.000
1954 	 0.010
1955 	 0.030
1956 	 0.010
1957 	 0.000
1958 	 0.000
1959 	 0.010
1960 	 0.010
1961 	 0.030
1962 	 0.000
1963 	 0.000
1964 	 0.010
1965 	 0.010
1966 	 0.000
1967 	 0.010
1968 	 0.000
1969 	 0.010
1970 	 0.010
1971 	 0.000
1972 	 0.000
1973 	 0.010
1974 	 0.000
1975 	 0.030
1976 	 0.000
1977 	 0.010
1978 	 0.000
1983 	 0.000
1984 	 0.010
1985 	 0.010
1986 	 0.020
1987 	 0.030
1988 	 0.010
1989 	 0.000
1990 	 0.030
1991 	 0.010
1992 	 0.000
1993 	 0.000
1994 	 0.030
1995 	 0.010
1996 	 0.000
2001 	 0.000
2002 	 0.010
2003 	 0.010
2004 	 0.010
2005 	 0.000
2006 	 0.000
2007 	 0.010
2008 	 0.020
2009 	 0.010
2010 	 0.000
2013 	 0.000
2014 	 0.010
2015 	 0.020
2016 	 0.020
2017 	 0.000
2018 	 0.020
2019 	 0.000
2020 	 0.000
2021 	 0.010
2022 	 0.000
2023 	 0.010
2024 	 0.010
2025 	 0.020
2026 	 0.010
2027 	 0.000
2028 	 0.000
2029 	 0.010
2030 	 0.000
2031 	 0.000
2032 	 0.010
2033 	 0.000
2034 	 0.020
2035 	 0.000
2037 	 0.000
2038 	 0.010
2039 	 0.010
2040 	 0.000
2044 	 0.000
2045 	 0.010
2046 	 0.000
2048 	 0.000
2049 	 0.020
2050 	 0.030
2051 	 0.010
2052 	 0.010
2053 	 0.010
2054 	 0.000
2055 	 0.010
2056 	 0.000
2057 	 0.030
2058 	 0.000
2059 	 0.010
2060 	 0.010
2061 	 0.010
2062 	 0.000
2063 	 0.000
2064 	 0.010
2065 	 0.020
2066 	 0.000
2067 	 0.010
2068 	 0.000
2069 	 0.020
2070 	 0.010
2071 	 0.030
2072 	 0.010
2073 	 0.040
2074 	 0.010
2075 	 0.000
2076 	 0.010
2077 	 0.000
2078 	 0.010
2079 	 0.010
2080 	 0.010
2081 	 0.020
2082 	 0.010
2083 	 0.010
2084 	 0.020
2085 	 0.020
2086 	 0.000
2087 	 0.010
2088 	 0.000
2089 	 0.000
2090 	 0.010
2091 	 0.020
2092 	 0.000
2093 	 0.000
2094 	 0.010
2095 	 0.000
2096 	 0.030
2097 	 0.010
2098 	 0.000
2099 	 0.010
2100 	 0.020
2101 	 0.000
2102 	 0.010
2103 	 0.000
2104 	 0.000
2105 	 0.010
2106 	 0.000
2107 	 0.010
2108 	 0.010
2109 	 0.000
2110 	 0.010
2111 	 0.000
2114 	 0.000
2115 	 0.010
2116 	 0.020
2117 	 0.000
2118 	 0.010
2119 	 0.010
2120 	 0.000
2121 	 0.020
2122 	 0.000
2123 	 0.010
2124 	 0.000
2125 	 0.010
2126 	 0.010
2127 	 0.010
2128 	 0.010
2129 	 0.030
2130 	 0.000
2133 	 0.000
2134 	 0.010
2135 	 0.010
2136 	 0.010
2137 	 0.000
2141 	 0.000
2142 	 0.010
2143 	 0.000
2144 	 0.010
2145 	 0.000
2150 	 0.000
2151 	 0.010
2152 	 0.010
2153 	 0.000
2154 	 0.000
2155 	 0.010
2156 	 0.000
2160 	 0.000
2161 	 0.010
2162 	 0.000
2163 	 0.000
2164 	 0.010
2165 	 0.000
2166 	 0.000
2167 	 0.030
2168 	 0.020
2169 	 0.010
2170 	 0.000
2171 	 0.000
2172 	 0.010
2173 	 0.000
2174 	 0.010
2175 	 0.000
2176 	 0.010
2177 	 0.010
2178 	 0.010
2179 	 0.020
2180 	 0.000
2183 	 0.000
2184 	 0.010
2185 	 0.000
2192 	 0.000
2193 	 0.010
2194 	 0.010
2195 	 0.000
2196 	 0.010
2197 	 0.000
2198 	 0.010
2199 	 0.000
2200 	 0.010
2201 	 0.010
2202 	 0.000
2203 	 0.010
2204 	 0.010
2205 	 0.000
2208 	 0.000
2209 	 0.020
2210 	 0.000
2211 	 0.000
2212 	 0.010
2213 	 0.000
2214 	 0.010
2215 	 0.010
2216 	 0.000
2217 	 0.010
2218 	 0.000
2219 	 0.030
2220 	 0.000
2223 	 0.000
2224 	 0.010
2225 	 0.000
2226 	 0.000
2227 	 0.010
2228 	 0.010
2229 	 0.010
2230 	 0.010
2231 	 0.000
2236 	 0.000
2237 	 0.010
2238 	 0.030
2239 	 0.000
2243 	 0.000
2244 	 0.010
2245 	 0.000
2250 	 0.000
2251 	 0.010
2252 	 0.000
2253 	 0.010
2254 	 0.000
2257 	 0.000
2258 	 0.010
2259 	 0.000
2260 	 0.040
2261 	 0.000
2262 	 0.000
2263 	 0.010
2264 	 0.000
2266 	 0.000
2267 	 0.010
2268 	 0.000
2269 	 0.010
2270 	 0.000
2271 	 0.010
2272 	 0.000
2276 	 0.000
2277 	 0.030
2278 	 0.010
2279 	 0.000
2281 	 0.000
2282 	 0.010
2283 	 0.000
2284 	 0.010
2285 	 0.010
2286 	 0.000
2290 	 0.000
2291 	 0.010
2292 	 0.000
2295 	 0.000
2296 	 0.020
2297 	 0.000
2298 	 0.000
2299 	 0.010
2300 	 0.000
2301 	 0.000
2302 	 0.020
2303 	 0.010
2304 	 0.000
2305 	 0.010
2306 	 0.000
2308 	 0.000
2309 	 0.010
2310 	 0.000
2311 	 0.010
2312 	 0.000
2313 	 0.010
2314 	 0.000
2315 	 0.000
2316 	 0.010
2317 	 0.000
2318 	 0.010
2319 	 0.000
2323 	 0.000
2324 	 0.010
2325 	 0.010
2326 	 0.000
2327 	 0.010
2328 	 0.000
2329 	 0.010
2330 	 0.000
2331 	 0.000
2332 	 0.020
2333 	 0.000
2338 	 0.000
2339 	 0.010
2340 	 0.000
2347 	 0.000
2348 	 0.010
2349 	 0.010
2350 	 0.000
2351 	 0.010
2352 	 0.000
2354 	 0.000
2355 	 0.010
2356 	 0.000
2359 	 0.000
2360 	 0.010
2361 	 0.000
2367 	 0.000
2368 	 0.010
2369 	 0.010
2370 	 0.000
2371 	 0.010
2372 	 0.010
2373 	 0.010
2374 	 0.000
2375 	 0.010
2376 	 0.010
2377 	 0.010
2378 	 0.000
2380 	 0.000
2381 	 0.010
2382 	 0.000
2383 	 0.010
2384 	 0.040
2385 	 0.000
2386 	 0.010
2387 	 0.020
2388 	 0.000
2389 	 0.000
2390 	 0.010
2391 	 0.000
2392 	 0.000
2393 	 0.010
2394 	 0.000
2397 	 0.000
2398 	 0.010
2399 	 0.000
2404 	 0.000
2405 	 0.010
2406 	 0.000
2412 	 0.000
2413 	 0.010
2414 	 0.010
2415 	 0.000
2416 	 0.000
2417 	 0.010
2418 	 0.020
2419 	 0.000
2420 	 0.000
2421 	 0.010
2422 	 0.000
2426 	 0.000
2427 	 0.010
2428 	 0.000
2429 	 0.000
2430 	 0.010
2431 	 0.000
2432 	 0.000
2433 	 0.010
2434 	 0.010
2435 	 0.010
2436 	 0.000
2438 	 0.000
2439 	 0.010
2440 	 0.000
2441 	 0.010
2442 	 0.000
2443 	 0.000
2444 	 0.010
2445 	 0.000
2446 	 0.010
2447 	 0.000
2448 	 0.000
2449 	 0.010
2450 	 0.000
2460 	 0.000
2461 	 0.010
2462 	 0.000
2468 	 0.000
2469 	 0.010
2470 	 0.000
2475 	 0.000
2476 	 0.010
2477 	 0.010
2478 	 0.000
2480 	 0.000
2481 	 0.020
2482 	 0.000
2485 	 0.000
2486 	 0.010
2487 	 0.000
2488 	 0.010
2489 	 0.000
2491 	 0.000
2492 	 0.010
2493 	 0.000
2495 	 0.000
2496 	 0.010
2497 	 0.000
2498 	 0.020
2499 	 0.010
2500 	 0.000
2508 	 0.000
2509 	 0.030
2510 	 0.000
2511 	 0.010
2512 	 0.000
2517 	 0.000
2518 	 0.010
2519 	 0.010
2520 	 0.010
2521 	 0.010
2522 	 0.000
2523 	 0.000
2524 	 0.010
2525 	 0.000
2526 	 0.010
2527 	 0.000
2532 	 0.000
2533 	 0.010
2534 	 0.010
2535 	 0.000
2537 	 0.000
2538 	 0.010
2539 	 0.000
2551 	 0.000
2552 	 0.010
2553 	 0.000
2556 	 0.000
2557 	 0.020
2558 	 0.000
2559 	 0.010
2560 	 0.000
2561 	 0.010
2562 	 0.000
2565 	 0.000
2566 	 0.010
2567 	 0.000
2573 	 0.000
2574 	 0.010
2575 	 0.000
2584 	 0.000
2585 	 0.010
2586 	 0.000
2589 	 0.000
2590 	 0.010
2591 	 0.010
2592 	 0.000
2594 	 0.000
2595 	 0.010
2596 	 0.010
2597 	 0.000
2598 	 0.000
2599 	 0.010
2600 	 0.000
2606 	 0.000
2607 	 0.010
2608 	 0.000
2609 	 0.010
2610 	 0.000
2612 	 0.000
2613 	 0.010
2614 	 0.000
2615 	 0.000
2616 	 0.010
2617 	 0.030
2618 	 0.000
2625 	 0.000
2626 	 0.010
2627 	 0.000
2628 	 0.010
2629 	 0.000
2639 	 0.000
2640 	 0.010
2641 	 0.000
2654 	 0.000
2655 	 0.010
2656 	 0.000
2657 	 0.010
2658 	 0.000
2659 	 0.000
2660 	 0.010
2661 	 0.000
2664 	 0.000
2665 	 0.010
2666 	 0.010
2667 	 0.000
2670 	 0.000
2671 	 0.010
2672 	 0.000
2673 	 0.000
2674 	 0.010
2675 	 0.000
2676 	 0.010
2677 	 0.020
2678 	 0.000
2681 	 0.000
2682 	 0.010
2683 	 0.000
2684 	 0.010
2685 	 0.000
2692 	 0.000
2693 	 0.010
2694 	 0.000
2702 	 0.000
2703 	 0.010
2704 	 0.000
2712 	 0.000
2713 	 0.010
2714 	 0.000
2722 	 0.000
2723 	 0.010
2724 	 0.000
2730 	 0.000
2731 	 0.010
2732 	 0.000
2733 	 0.010
2734 	 0.000
2739 	 0.000
2740 	 0.010
2741 	 0.000
2742 	 0.010
2743 	 0.000
2744 	 0.000
2745 	 0.010
2746 	 0.000
2769 	 0.000
2770 	 0.010
2771 	 0.000
2772 	 0.000
2773 	 0.010
2774 	 0.000
2786 	 0.000
2787 	 0.010
2788 	 0.000
2797 	 0.000
2798 	 0.010
2799 	 0.000
2802 	 0.000
2803 	 0.010
2804 	 0.000
2838 	 0.000
2839 	 0.010
2840 	 0.000
2846 	 0.000
2847 	 0.010
2848 	 0.000
2850 	 0.000
2851 	 0.010
2852 	 0.000
2862 	 0.000
2863 	 0.010
2864 	 0.000
2866 	 0.000
2867 	 0.010
2868 	 0.000
2869 	 0.000
2870 	 0.010
2871 	 0.000
2872 	 0.010
2873 	 0.000
2892 	 0.000
2893 	 0.020
2894 	 0.000
2899 	 0.000
2900 	 0.010
2901 	 0.000
2903 	 0.000
2904 	 0.010
2905 	 0.010
2906 	 0.000
2908 	 0.000
2909 	 0.010
2910 	 0.000
2915 	 0.000
2916 	 0.010
2917 	 0.000
2934 	 0.000
2935 	 0.010
2936 	 0.000
2952 	 0.000
2953 	 0.020
2954 	 0.000
2955 	 0.010
2956 	 0.000
2980 	 0.000
2981 	 0.010
2982 	 0.000
2986 	 0.000
2987 	 0.010
2988 	 0.000
3000 	 0.000
3001 	 0.010
3002 	 0.010
3003 	 0.000
3007 	 0.000
3008 	 0.010
3009 	 0.000
3015 	 0.000
3016 	 0.020
3017 	 0.000
3067 	 0.000
3068 	 0.010
3069 	 0.000
3072 	 0.000
3073 	 0.010
3074 	 0.000
3085 	 0.000
3086 	 0.010
3087 	 0.000
3095 	 0.000
3096 	 0.010
3097 	 0.000
3109 	 0.000
3110 	 0.010
3111 	 0.000
3121 	 0.000
3122 	 0.010
3123 	 0.000
3125 	 0.000
3126 	 0.010
3127 	 0.000
3167 	 0.000
3168 	 0.010
3169 	 0.000
3196 	 0.000
3197 	 0.010
3198 	 0.000
3240 	 0.000
3241 	 0.010
3242 	 0.000
3264 	 0.000
3265 	 0.010
3266 	 0.000
3270 	 0.000
3271 	 0.010
3272 	 0.000
3308 	 0.000
3309 	 0.010
3310 	 0.000
3353 	 0.000
3354 	 0.010
3355 	 0.000
3364 	 0.000
3365 	 0.010
3366 	 0.000
3372 	 0.000
3373 	 0.010
3374 	 0.000
3383 	 0.000
3384 	 0.010
3385 	 0.000
3394 	 0.000
3395 	 0.010
3396 	 0.000
3438 	 0.000
3439 	 0.010
3440 	 0.000
3446 	 0.000
3447 	 0.010
3448 	 0.000
3453 	 0.000
3454 	 0.010
3455 	 0.000
3458 	 0.000
3459 	 0.010
3460 	 0.000
3479 	 0.000
3480 	 0.010
3481 	 0.000
3511 	 0.000
3512 	 0.010
3513 	 0.000
3517 	 0.000
3518 	 0.010
3519 	 0.000
3555 	 0.000
3556 	 0.010
3557 	 0.000
3573 	 0.000
3574 	 0.010
3575 	 0.000
3609 	 0.000
3610 	 0.010
3611 	 0.000
3660 	 0.000
3661 	 0.010
3662 	 0.000
3683 	 0.000
3684 	 0.010
3685 	 0.000
3702 	 0.000
3703 	 0.010
3704 	 0.000
3748 	 0.000
3749 	 0.010
3750 	 0.000
3762 	 0.000
3763 	 0.010
3764 	 0.000
3782 	 0.000
3783 	 0.010
3784 	 0.000
3835 	 0.000
3836 	 0.020
3837 	 0.000
3854 	 0.000
3855 	 0.010
3856 	 0.000
3862 	 0.000
3863 	 0.010
3864 	 0.000
3913 	 0.000
3914 	 0.010
3915 	 0.000
3923 	 0.000
3924 	 0.010
3925 	 0.000
4132 	 0.000
4133 	 0.010
4134 	 0.000
4210 	 0.000
4211 	 0.010
4212 	 0.000
4213 	 0.010
4214 	 0.000
4289 	 0.000
4290 	 0.010
4291 	 0.000
4313 	 0.000
4314 	 0.010
4315 	 0.000
4335 	 0.000
4336 	 0.010
4337 	 0.000
4374 	 0.000
4375 	 0.010
4376 	 0.000
4401 	 0.000
4402 	 0.010
4403 	 0.000
4441 	 0.000
4442 	 0.010
4443 	 0.000
4446 	 0.000
4447 	 0.010
4448 	 0.000
4467 	 0.000
4468 	 0.010
4469 	 0.000
4659 	 0.000
4660 	 0.010
4661 	 0.000
4842 	 0.000
4843 	 0.010
4844 	 0.000
4845 	 0.010
4846 	 0.000
5230 	 0.000
5231 	 0.010
5232 	 0.000
5238 	 0.000
5239 	 0.010
5240 	 0.000
5700 	 0.000
5701 	 0.010
5702 	 0.000
6436 	 0.000
6437 	 0.010
6438 	 0.000
