# Xorshift64* seed is 7674763805892329339
# Matrix size is 1000 x 1000
# Probability of a cell to be non-empty is 73.000000%
# Collecting statistics over 100 iterations
# Size Count CountPerIteration
1 	 652.170
2 	 85.930
3 	 26.080
4 	 10.760
5 	 4.900
6 	 2.220
7 	 1.380
8 	 0.660
9 	 0.380
10 	 0.240
11 	 0.210
12 	 0.140
13 	 0.140
14 	 0.090
15 	 0.060
16 	 0.030
17 	 0.030
18 	 0.020
19 	 0.010
20 	 0.010
21 	 0.010
22 	 0.000
23 	 0.000
24 	 0.020
25 	 0.000
39 	 0.000
40 	 0.010
41 	 0.000
727547 	 0.000
727548 	 0.010
727549 	 0.000
728214 	 0.000
728215 	 0.010
728216 	 0.000
728263 	 0.000
728264 	 0.010
728265 	 0.010
728266 	 0.000
728276 	 0.000
728277 	 0.010
728278 	 0.000
728300 	 0.000
728301 	 0.010
728302 	 0.000
728305 	 0.000
728306 	 0.010
728307 	 0.000
728335 	 0.000
728336 	 0.010
728337 	 0.000
728356 	 0.000
728357 	 0.010
728358 	 0.000
728384 	 0.000
728385 	 0.010
728386 	 0.000
728491 	 0.000
728492 	 0.010
728493 	 0.000
728507 	 0.000
728508 	 0.010
728509 	 0.000
728524 	 0.000
728525 	 0.010
728526 	 0.000
728552 	 0.000
728553 	 0.010
728554 	 0.000
728560 	 0.000
728561 	 0.010
728562 	 0.000
728571 	 0.000
728572 	 0.010
728573 	 0.000
728603 	 0.000
728604 	 0.010
728605 	 0.000
728613 	 0.000
728614 	 0.010
728615 	 0.000
728634 	 0.000
728635 	 0.010
728636 	 0.000
728672 	 0.000
728673 	 0.010
728674 	 0.000
728685 	 0.000
728686 	 0.020
728687 	 0.000
728692 	 0.000
728693 	 0.010
728694 	 0.000
728718 	 0.000
728719 	 0.010
728720 	 0.000
728738 	 0.000
728739 	 0.010
728740 	 0.000
728767 	 0.000
728768 	 0.010
728769 	 0.000
728779 	 0.000
728780 	 0.010
728781 	 0.000
728784 	 0.000
728785 	 0.010
728786 	 0.000
728794 	 0.000
728795 	 0.010
728796 	 0.000
728802 	 0.000
728803 	 0.010
728804 	 0.000
728807 	 0.000
728808 	 0.010
728809 	 0.000
728814 	 0.000
728815 	 0.020
728816 	 0.000
728823 	 0.000
728824 	 0.010
728825 	 0.000
728833 	 0.000
728834 	 0.020
728835 	 0.000
728836 	 0.000
728837 	 0.010
728838 	 0.000
728845 	 0.000
728846 	 0.010
728847 	 0.000
728852 	 0.000
728853 	 0.010
728854 	 0.010
728855 	 0.000
728859 	 0.000
728860 	 0.010
728861 	 0.000
728866 	 0.000
728867 	 0.010
728868 	 0.000
728870 	 0.000
728871 	 0.010
728872 	 0.000
728875 	 0.000
728876 	 0.010
728877 	 0.000
728878 	 0.010
728879 	 0.000
728896 	 0.000
728897 	 0.010
728898 	 0.000
728912 	 0.000
728913 	 0.010
728914 	 0.000
728936 	 0.000
728937 	 0.010
728938 	 0.000
728944 	 0.000
728945 	 0.010
728946 	 0.000
728947 	 0.000
728948 	 0.010
728949 	 0.000
728953 	 0.000
728954 	 0.010
728955 	 0.000
728956 	 0.000
728957 	 0.010
728958 	 0.000
728964 	 0.000
728965 	 0.010
728966 	 0.000
728968 	 0.000
728969 	 0.010
728970 	 0.000
728987 	 0.000
728988 	 0.010
728989 	 0.000
728995 	 0.000
728996 	 0.010
728997 	 0.000
729005 	 0.000
729006 	 0.010
729007 	 0.000
729008 	 0.010
729009 	 0.000
729011 	 0.000
729012 	 0.010
729013 	 0.000
729014 	 0.000
729015 	 0.010
729016 	 0.000
729048 	 0.000
729049 	 0.010
729050 	 0.000
729054 	 0.000
729055 	 0.010
729056 	 0.000
729061 	 0.000
729062 	 0.010
729063 	 0.000
729066 	 0.000
729067 	 0.010
729068 	 0.000
729069 	 0.010
729070 	 0.000
729076 	 0.000
729077 	 0.010
729078 	 0.000
729081 	 0.000
729082 	 0.010
729083 	 0.000
729116 	 0.000
729117 	 0.010
729118 	 0.000
729151 	 0.000
729152 	 0.010
729153 	 0.000
729168 	 0.000
729169 	 0.010
729170 	 0.000
729176 	 0.000
729177 	 0.010
729178 	 0.000
729180 	 0.000
729181 	 0.010
729182 	 0.000
729183 	 0.010
729184 	 0.000
729195 	 0.000
729196 	 0.010
729197 	 0.000
729206 	 0.000
729207 	 0.010
729208 	 0.000
729233 	 0.000
729234 	 0.010
729235 	 0.000
729245 	 0.000
729246 	 0.010
729247 	 0.000
729261 	 0.000
729262 	 0.010
729263 	 0.000
729265 	 0.000
729266 	 0.010
729267 	 0.000
729278 	 0.000
729279 	 0.010
729280 	 0.000
729285 	 0.000
729286 	 0.010
729287 	 0.000
729301 	 0.000
729302 	 0.010
729303 	 0.010
729304 	 0.000
729322 	 0.000
729323 	 0.010
729324 	 0.000
729365 	 0.000
729366 	 0.010
729367 	 0.000
729375 	 0.000
729376 	 0.010
729377 	 0.000
729400 	 0.000
729401 	 0.010
729402 	 0.000
729423 	 0.000
729424 	 0.010
729425 	 0.000
729435 	 0.000
729436 	 0.010
729437 	 0.000
729523 	 0.000
729524 	 0.010
729525 	 0.000
729558 	 0.000
729559 	 0.010
729560 	 0.000
729561 	 0.010
729562 	 0.000
729584 	 0.000
729585 	 0.010
729586 	 0.000
729658 	 0.000
729659 	 0.010
729660 	 0.000
729694 	 0.000
729695 	 0.010
729696 	 0.000
729714 	 0.000
729715 	 0.010
729716 	 0.000
729717 	 0.010
729718 	 0.000
729739 	 0.000
729740 	 0.010
729741 	 0.000
729821 	 0.000
729822 	 0.010
729823 	 0.000
730325 	 0.000
730326 	 0.010
730327 	 0.000
