0.444   0
0.446   0.1
0.448   0.2
0.450   0.4
0.452   0.6
0.454   0.4
0.456   0.8
0.458   1.2
0.460   1.6
0.462   1.4
0.464   2.2
0.466   2.4
0.468   3.2
0.470   5.2
0.472   5.6
0.474   8.8
0.476   10.8
0.478   11.6
0.480   15.6
0.482   17.8
0.484   26.4
0.486   28.2
0.488   30.8
0.490   40.0
0.492   44.2
0.494   50.6
0.496   55.6
0.498   63.4
0.500   64.8   
0.502   73.6
0.504   78.8   
0.506   81.4      
0.508   84.8
0.510   89.4
0.512   91.8
0.514   93.2
0.516   94.8
0.518   96.8
0.520   98.0
0.522   98.8  
0.524   99.2
0.526   99.4
0.528   99.6
0.530   99.8
0.532   99.6
0.534   99.8
0.536   100


