# Xorshift64* seed is 16867562203438121449
# Matrix size is 1000 x 1000
# Probability of a cell to be non-empty is 64.000000%
# Collecting statistics over 100 iterations
# Size Count CountPerIteration
1 	 2353.560
2 	 485.300
3 	 193.740
4 	 95.150
5 	 53.120
6 	 31.810
7 	 21.180
8 	 13.620
9 	 10.130
10 	 7.030
11 	 5.030
12 	 3.950
13 	 2.690
14 	 2.260
15 	 1.870
16 	 1.470
17 	 1.090
18 	 0.920
19 	 0.610
20 	 0.740
21 	 0.450
22 	 0.480
23 	 0.330
24 	 0.310
25 	 0.200
26 	 0.240
27 	 0.220
28 	 0.170
29 	 0.160
30 	 0.110
31 	 0.090
32 	 0.070
33 	 0.050
34 	 0.030
35 	 0.050
36 	 0.100
37 	 0.050
38 	 0.030
39 	 0.090
40 	 0.040
41 	 0.050
42 	 0.050
43 	 0.060
44 	 0.040
45 	 0.000
46 	 0.000
47 	 0.020
48 	 0.010
49 	 0.020
50 	 0.040
51 	 0.020
52 	 0.010
53 	 0.010
54 	 0.010
55 	 0.000
56 	 0.020
57 	 0.010
58 	 0.010
59 	 0.000
60 	 0.010
61 	 0.000
66 	 0.000
67 	 0.010
68 	 0.000
70 	 0.000
71 	 0.010
72 	 0.000
74 	 0.000
75 	 0.010
76 	 0.000
84 	 0.000
85 	 0.010
86 	 0.010
87 	 0.000
133 	 0.000
134 	 0.010
135 	 0.000
633417 	 0.000
633418 	 0.010
633419 	 0.000
633438 	 0.000
633439 	 0.010
633440 	 0.000
633474 	 0.000
633475 	 0.010
633476 	 0.000
633520 	 0.000
633521 	 0.010
633522 	 0.000
633586 	 0.000
633587 	 0.010
633588 	 0.000
633659 	 0.000
633660 	 0.010
633661 	 0.000
633674 	 0.000
633675 	 0.010
633676 	 0.000
633679 	 0.000
633680 	 0.010
633681 	 0.000
633761 	 0.000
633762 	 0.010
633763 	 0.000
633771 	 0.000
633772 	 0.010
633773 	 0.000
633815 	 0.000
633816 	 0.010
633817 	 0.000
633822 	 0.000
633823 	 0.010
633824 	 0.000
633830 	 0.000
633831 	 0.010
633832 	 0.000
633850 	 0.000
633851 	 0.010
633852 	 0.000
633877 	 0.000
633878 	 0.010
633879 	 0.000
633926 	 0.000
633927 	 0.010
633928 	 0.000
633967 	 0.000
633968 	 0.010
633969 	 0.000
633988 	 0.000
633989 	 0.010
633990 	 0.000
633994 	 0.000
633995 	 0.010
633996 	 0.000
634013 	 0.000
634014 	 0.010
634015 	 0.000
634029 	 0.000
634030 	 0.010
634031 	 0.000
634041 	 0.000
634042 	 0.010
634043 	 0.000
634047 	 0.000
634048 	 0.010
634049 	 0.000
634063 	 0.000
634064 	 0.010
634065 	 0.000
634073 	 0.000
634074 	 0.010
634075 	 0.000
634105 	 0.000
634106 	 0.010
634107 	 0.000
634108 	 0.000
634109 	 0.010
634110 	 0.000
634146 	 0.000
634147 	 0.010
634148 	 0.000
634151 	 0.000
634152 	 0.010
634153 	 0.000
634175 	 0.000
634176 	 0.010
634177 	 0.000
634207 	 0.000
634208 	 0.010
634209 	 0.000
634210 	 0.010
634211 	 0.000
634215 	 0.000
634216 	 0.010
634217 	 0.000
634259 	 0.000
634260 	 0.010
634261 	 0.000
634281 	 0.000
634282 	 0.010
634283 	 0.000
634284 	 0.000
634285 	 0.010
634286 	 0.000
634287 	 0.010
634288 	 0.000
634292 	 0.000
634293 	 0.010
634294 	 0.000
634323 	 0.000
634324 	 0.010
634325 	 0.000
634333 	 0.000
634334 	 0.010
634335 	 0.000
634373 	 0.000
634374 	 0.010
634375 	 0.000
634393 	 0.000
634394 	 0.010
634395 	 0.000
634396 	 0.010
634397 	 0.000
634401 	 0.000
634402 	 0.010
634403 	 0.000
634406 	 0.000
634407 	 0.010
634408 	 0.000
634410 	 0.000
634411 	 0.010
634412 	 0.000
634418 	 0.000
634419 	 0.010
634420 	 0.000
634421 	 0.010
634422 	 0.000
634426 	 0.000
634427 	 0.010
634428 	 0.000
634429 	 0.000
634430 	 0.010
634431 	 0.000
634441 	 0.000
634442 	 0.010
634443 	 0.000
634459 	 0.000
634460 	 0.010
634461 	 0.000
634462 	 0.000
634463 	 0.010
634464 	 0.010
634465 	 0.000
634466 	 0.010
634467 	 0.000
634485 	 0.000
634486 	 0.010
634487 	 0.000
634525 	 0.000
634526 	 0.020
634527 	 0.000
634532 	 0.000
634533 	 0.010
634534 	 0.000
634536 	 0.000
634537 	 0.010
634538 	 0.000
634550 	 0.000
634551 	 0.010
634552 	 0.000
634553 	 0.000
634554 	 0.010
634555 	 0.000
634556 	 0.010
634557 	 0.000
634559 	 0.000
634560 	 0.020
634561 	 0.000
634563 	 0.000
634564 	 0.010
634565 	 0.000
634593 	 0.000
634594 	 0.010
634595 	 0.000
634608 	 0.000
634609 	 0.010
634610 	 0.000
634628 	 0.000
634629 	 0.010
634630 	 0.000
634645 	 0.000
634646 	 0.010
634647 	 0.000
634657 	 0.000
634658 	 0.010
634659 	 0.000
634677 	 0.000
634678 	 0.010
634679 	 0.000
634680 	 0.010
634681 	 0.000
634687 	 0.000
634688 	 0.010
634689 	 0.000
634707 	 0.000
634708 	 0.010
634709 	 0.000
634723 	 0.000
634724 	 0.010
634725 	 0.000
634741 	 0.000
634742 	 0.010
634743 	 0.000
634782 	 0.000
634783 	 0.010
634784 	 0.000
634807 	 0.000
634808 	 0.010
634809 	 0.000
634828 	 0.000
634829 	 0.010
634830 	 0.000
634903 	 0.000
634904 	 0.010
634905 	 0.000
634918 	 0.000
634919 	 0.010
634920 	 0.000
634953 	 0.000
634954 	 0.010
634955 	 0.000
634980 	 0.000
634981 	 0.010
634982 	 0.000
634983 	 0.010
634984 	 0.000
635001 	 0.000
635002 	 0.010
635003 	 0.000
635012 	 0.000
635013 	 0.010
635014 	 0.000
635040 	 0.000
635041 	 0.010
635042 	 0.010
635043 	 0.000
635062 	 0.000
635063 	 0.010
635064 	 0.000
635128 	 0.000
635129 	 0.010
635130 	 0.000
635152 	 0.000
635153 	 0.010
635154 	 0.000
635159 	 0.000
635160 	 0.010
635161 	 0.000
635201 	 0.000
635202 	 0.010
635203 	 0.000
635236 	 0.000
635237 	 0.010
635238 	 0.000
635289 	 0.000
635290 	 0.010
635291 	 0.000
635386 	 0.000
635387 	 0.010
635388 	 0.000
635480 	 0.000
635481 	 0.010
635482 	 0.000
635562 	 0.000
635563 	 0.010
635564 	 0.000
635578 	 0.000
635579 	 0.010
635580 	 0.000
