# Xorshift64* seed is 12324134369112421032
# Matrix size is 1000 x 1000
# Probability of a cell to be non-empty is 47.000000%
# Collecting statistics over 100 iterations
# Size Count CountPerIteration
1 	 12799.220
2 	 4390.230
3 	 2390.160
4 	 1523.750
5 	 1062.730
6 	 789.590
7 	 608.410
8 	 484.560
9 	 399.080
10 	 333.680
11 	 286.120
12 	 244.290
13 	 213.620
14 	 187.820
15 	 167.860
16 	 148.940
17 	 135.090
18 	 121.970
19 	 112.120
20 	 100.810
21 	 90.880
22 	 84.340
23 	 79.850
24 	 74.440
25 	 69.170
26 	 64.650
27 	 60.980
28 	 57.240
29 	 54.630
30 	 51.150
31 	 46.420
32 	 44.620
33 	 43.050
34 	 40.400
35 	 39.040
36 	 35.400
37 	 34.680
38 	 33.770
39 	 31.790
40 	 29.020
41 	 30.200
42 	 27.750
43 	 26.380
44 	 25.340
45 	 25.320
46 	 25.080
47 	 23.480
48 	 22.060
49 	 21.750
50 	 20.840
51 	 20.520
52 	 19.020
53 	 19.010
54 	 18.610
55 	 17.590
56 	 17.170
57 	 17.440
58 	 15.590
59 	 14.850
60 	 15.540
61 	 14.310
62 	 14.010
63 	 14.180
64 	 13.830
65 	 13.750
66 	 12.420
67 	 12.580
68 	 12.000
69 	 12.040
70 	 11.740
71 	 11.320
72 	 11.390
73 	 11.230
74 	 10.980
75 	 10.430
76 	 10.020
77 	 10.030
78 	 9.830
79 	 9.630
80 	 9.290
81 	 9.510
82 	 8.780
83 	 8.880
84 	 8.530
85 	 8.500
86 	 8.210
87 	 7.600
88 	 7.620
89 	 7.490
90 	 7.150
91 	 7.400
92 	 6.690
93 	 7.410
94 	 7.700
95 	 6.460
96 	 6.760
97 	 7.150
98 	 6.520
99 	 6.280
100 	 5.580
101 	 6.990
102 	 6.130
103 	 5.720
104 	 6.450
105 	 5.970
106 	 5.740
107 	 6.080
108 	 5.640
109 	 5.340
110 	 5.390
111 	 5.380
112 	 5.180
113 	 5.380
114 	 4.940
115 	 5.070
116 	 5.410
117 	 4.570
118 	 4.990
119 	 4.660
120 	 4.600
121 	 4.350
122 	 4.070
123 	 4.440
124 	 4.170
125 	 4.580
126 	 4.300
127 	 4.290
128 	 3.710
129 	 3.860
130 	 4.110
131 	 3.790
132 	 4.090
133 	 3.990
134 	 3.720
135 	 3.560
136 	 3.870
137 	 3.600
138 	 3.730
139 	 3.560
140 	 3.510
141 	 3.460
142 	 3.640
143 	 3.420
144 	 3.440
145 	 3.250
146 	 3.410
147 	 2.920
148 	 3.180
149 	 3.040
150 	 3.100
151 	 2.760
152 	 3.130
153 	 3.230
154 	 2.750
155 	 3.260
156 	 2.910
157 	 2.870
158 	 2.510
159 	 2.990
160 	 2.940
161 	 2.960
162 	 2.750
163 	 2.860
164 	 2.550
165 	 2.460
166 	 2.820
167 	 2.490
168 	 2.530
169 	 2.800
170 	 2.620
171 	 2.440
172 	 2.460
173 	 2.400
174 	 2.670
175 	 2.380
176 	 2.270
177 	 2.410
178 	 2.680
179 	 2.230
180 	 2.550
181 	 2.260
182 	 2.120
183 	 2.430
184 	 2.160
185 	 2.430
186 	 2.380
187 	 2.210
188 	 2.250
189 	 2.100
190 	 1.870
191 	 2.140
192 	 2.000
193 	 1.700
194 	 2.080
195 	 2.120
196 	 1.860
197 	 1.880
198 	 2.160
199 	 1.850
200 	 2.070
201 	 1.660
202 	 1.890
203 	 1.810
204 	 1.740
205 	 1.870
206 	 1.710
207 	 2.030
208 	 2.110
209 	 1.670
210 	 1.960
211 	 2.080
212 	 1.760
213 	 1.680
214 	 1.930
215 	 1.610
216 	 1.710
217 	 1.660
218 	 1.640
219 	 1.390
220 	 1.470
221 	 1.340
222 	 1.520
223 	 1.630
224 	 1.480
225 	 1.580
226 	 1.840
227 	 1.650
228 	 1.510
229 	 1.450
230 	 1.620
231 	 1.540
232 	 1.380
233 	 1.450
234 	 1.430
235 	 1.530
236 	 1.670
237 	 1.260
238 	 1.490
239 	 1.220
240 	 1.310
241 	 1.480
242 	 1.440
243 	 1.480
244 	 1.390
245 	 1.340
246 	 1.490
247 	 1.220
248 	 1.360
249 	 1.320
250 	 1.450
251 	 1.320
252 	 1.190
253 	 1.310
254 	 1.430
255 	 1.170
256 	 1.570
257 	 1.170
258 	 1.340
259 	 1.340
260 	 1.170
261 	 1.310
262 	 1.320
263 	 1.370
264 	 1.290
265 	 1.250
266 	 1.180
267 	 1.110
268 	 1.250
269 	 1.100
270 	 1.150
271 	 1.450
272 	 1.060
273 	 1.080
274 	 1.070
275 	 1.070
276 	 1.160
277 	 1.000
278 	 1.170
279 	 1.080
280 	 1.210
281 	 1.300
282 	 1.080
283 	 1.010
284 	 0.850
285 	 0.880
286 	 1.010
287 	 1.200
288 	 0.920
289 	 1.010
290 	 1.020
291 	 0.900
292 	 0.950
293 	 0.930
294 	 0.930
295 	 0.970
296 	 1.080
297 	 1.130
298 	 0.900
299 	 0.960
300 	 0.900
301 	 1.010
302 	 0.890
303 	 0.850
304 	 0.810
305 	 0.940
306 	 0.980
307 	 0.810
308 	 1.130
309 	 1.010
310 	 1.000
311 	 0.840
312 	 0.800
313 	 0.790
314 	 0.750
315 	 0.790
316 	 1.050
317 	 0.950
318 	 0.810
319 	 0.980
320 	 0.810
321 	 0.980
322 	 0.920
323 	 0.800
324 	 0.780
325 	 0.990
326 	 0.710
327 	 0.850
328 	 0.770
329 	 0.990
330 	 0.800
331 	 0.980
332 	 0.930
333 	 0.790
334 	 0.640
335 	 0.800
336 	 0.850
337 	 0.650
338 	 1.050
339 	 0.890
340 	 0.670
341 	 0.710
342 	 0.890
343 	 0.740
344 	 0.690
345 	 0.710
346 	 0.730
347 	 0.650
348 	 0.790
349 	 0.680
350 	 0.680
351 	 0.630
352 	 0.810
353 	 0.800
354 	 0.740
355 	 0.680
356 	 0.550
357 	 0.700
358 	 0.640
359 	 0.690
360 	 0.640
361 	 0.800
362 	 0.760
363 	 0.510
364 	 0.650
365 	 0.750
366 	 0.650
367 	 0.900
368 	 0.630
369 	 0.750
370 	 0.600
371 	 0.660
372 	 0.480
373 	 0.580
374 	 0.590
375 	 0.640
376 	 0.580
377 	 0.540
378 	 0.610
379 	 0.600
380 	 0.650
381 	 0.580
382 	 0.780
383 	 0.660
384 	 0.570
385 	 0.690
386 	 0.580
387 	 0.590
388 	 0.670
389 	 0.610
390 	 0.640
391 	 0.530
392 	 0.590
393 	 0.600
394 	 0.540
395 	 0.520
396 	 0.600
397 	 0.570
398 	 0.490
399 	 0.550
400 	 0.660
401 	 0.520
402 	 0.590
403 	 0.510
404 	 0.550
405 	 0.620
406 	 0.660
407 	 0.600
408 	 0.550
409 	 0.530
410 	 0.680
411 	 0.700
412 	 0.520
413 	 0.590
414 	 0.680
415 	 0.590
416 	 0.450
417 	 0.550
418 	 0.560
419 	 0.410
420 	 0.520
421 	 0.460
422 	 0.550
423 	 0.520
424 	 0.470
425 	 0.560
426 	 0.490
427 	 0.410
428 	 0.590
429 	 0.430
430 	 0.460
431 	 0.560
432 	 0.440
433 	 0.540
434 	 0.520
435 	 0.400
436 	 0.400
437 	 0.540
438 	 0.500
439 	 0.460
440 	 0.490
441 	 0.450
442 	 0.440
443 	 0.360
444 	 0.600
445 	 0.540
446 	 0.460
447 	 0.440
448 	 0.350
449 	 0.500
450 	 0.470
451 	 0.510
452 	 0.450
453 	 0.490
454 	 0.490
455 	 0.370
456 	 0.470
457 	 0.500
458 	 0.430
459 	 0.400
460 	 0.480
461 	 0.380
462 	 0.550
463 	 0.470
464 	 0.470
465 	 0.400
466 	 0.400
467 	 0.240
468 	 0.350
469 	 0.430
470 	 0.370
471 	 0.530
472 	 0.390
473 	 0.340
474 	 0.390
475 	 0.440
476 	 0.400
477 	 0.370
478 	 0.450
479 	 0.460
480 	 0.390
481 	 0.500
482 	 0.360
483 	 0.440
484 	 0.490
485 	 0.450
486 	 0.430
487 	 0.320
488 	 0.280
489 	 0.350
490 	 0.420
491 	 0.410
492 	 0.520
493 	 0.370
494 	 0.290
495 	 0.390
496 	 0.360
497 	 0.300
498 	 0.350
499 	 0.360
500 	 0.410
501 	 0.490
502 	 0.400
503 	 0.330
504 	 0.260
505 	 0.410
506 	 0.290
507 	 0.500
508 	 0.330
509 	 0.380
510 	 0.380
511 	 0.260
512 	 0.390
513 	 0.340
514 	 0.390
515 	 0.340
516 	 0.440
517 	 0.410
518 	 0.300
519 	 0.390
520 	 0.320
521 	 0.360
522 	 0.380
523 	 0.310
524 	 0.240
525 	 0.390
526 	 0.400
527 	 0.270
528 	 0.330
529 	 0.280
530 	 0.390
531 	 0.210
532 	 0.360
533 	 0.330
534 	 0.330
535 	 0.440
536 	 0.420
537 	 0.340
538 	 0.300
539 	 0.290
540 	 0.330
541 	 0.370
542 	 0.310
543 	 0.380
544 	 0.330
545 	 0.320
546 	 0.310
547 	 0.280
548 	 0.280
549 	 0.310
550 	 0.300
551 	 0.380
552 	 0.250
553 	 0.300
554 	 0.350
555 	 0.250
556 	 0.300
557 	 0.330
558 	 0.380
559 	 0.260
560 	 0.250
561 	 0.300
562 	 0.270
563 	 0.400
564 	 0.290
565 	 0.330
566 	 0.360
567 	 0.290
568 	 0.230
569 	 0.290
570 	 0.250
571 	 0.290
572 	 0.310
573 	 0.270
574 	 0.290
575 	 0.290
576 	 0.370
577 	 0.230
578 	 0.190
579 	 0.280
580 	 0.320
581 	 0.270
582 	 0.210
583 	 0.290
584 	 0.300
585 	 0.260
586 	 0.320
587 	 0.260
588 	 0.200
589 	 0.370
590 	 0.340
591 	 0.250
592 	 0.240
593 	 0.360
594 	 0.340
595 	 0.290
596 	 0.260
597 	 0.290
598 	 0.310
599 	 0.240
600 	 0.250
601 	 0.280
602 	 0.230
603 	 0.310
604 	 0.220
605 	 0.220
606 	 0.260
607 	 0.270
608 	 0.340
609 	 0.150
610 	 0.280
611 	 0.260
612 	 0.300
613 	 0.240
614 	 0.350
615 	 0.270
616 	 0.250
617 	 0.220
618 	 0.250
619 	 0.240
620 	 0.250
621 	 0.230
622 	 0.230
623 	 0.240
624 	 0.330
625 	 0.260
626 	 0.330
627 	 0.290
628 	 0.220
629 	 0.250
630 	 0.260
631 	 0.250
632 	 0.240
633 	 0.330
634 	 0.280
635 	 0.250
636 	 0.190
637 	 0.250
638 	 0.310
639 	 0.270
640 	 0.220
641 	 0.250
642 	 0.360
643 	 0.250
644 	 0.220
645 	 0.320
646 	 0.270
647 	 0.240
648 	 0.160
649 	 0.160
650 	 0.260
651 	 0.240
652 	 0.160
653 	 0.220
654 	 0.220
655 	 0.310
656 	 0.270
657 	 0.190
658 	 0.270
659 	 0.190
660 	 0.210
661 	 0.240
662 	 0.210
663 	 0.200
664 	 0.200
665 	 0.250
666 	 0.220
667 	 0.200
668 	 0.290
669 	 0.250
670 	 0.230
671 	 0.220
672 	 0.230
673 	 0.250
674 	 0.240
675 	 0.220
676 	 0.220
677 	 0.160
678 	 0.180
679 	 0.280
680 	 0.190
681 	 0.230
682 	 0.190
683 	 0.160
684 	 0.220
685 	 0.220
686 	 0.230
687 	 0.160
688 	 0.220
689 	 0.230
690 	 0.160
691 	 0.300
692 	 0.180
693 	 0.140
694 	 0.160
695 	 0.170
696 	 0.200
697 	 0.250
698 	 0.230
699 	 0.190
700 	 0.190
701 	 0.180
702 	 0.170
703 	 0.140
704 	 0.230
705 	 0.130
706 	 0.150
707 	 0.230
708 	 0.170
709 	 0.220
710 	 0.200
711 	 0.260
712 	 0.190
713 	 0.240
714 	 0.170
715 	 0.170
716 	 0.130
717 	 0.280
718 	 0.210
719 	 0.200
720 	 0.140
721 	 0.130
722 	 0.150
723 	 0.240
724 	 0.190
725 	 0.160
726 	 0.070
727 	 0.150
728 	 0.210
729 	 0.160
730 	 0.260
731 	 0.150
732 	 0.180
733 	 0.250
734 	 0.150
735 	 0.190
736 	 0.170
737 	 0.270
738 	 0.140
739 	 0.110
740 	 0.200
741 	 0.190
742 	 0.160
743 	 0.200
744 	 0.200
745 	 0.200
746 	 0.230
747 	 0.230
748 	 0.230
749 	 0.150
750 	 0.190
751 	 0.060
752 	 0.200
753 	 0.130
754 	 0.270
755 	 0.180
756 	 0.130
757 	 0.130
758 	 0.140
759 	 0.160
760 	 0.150
761 	 0.150
762 	 0.150
763 	 0.150
764 	 0.220
765 	 0.210
766 	 0.130
767 	 0.150
768 	 0.150
769 	 0.160
770 	 0.160
771 	 0.210
772 	 0.220
773 	 0.150
774 	 0.170
775 	 0.200
776 	 0.180
777 	 0.180
778 	 0.120
779 	 0.270
780 	 0.280
781 	 0.210
782 	 0.200
783 	 0.110
784 	 0.170
785 	 0.230
786 	 0.150
787 	 0.150
788 	 0.260
789 	 0.180
790 	 0.140
791 	 0.160
792 	 0.150
793 	 0.130
794 	 0.120
795 	 0.170
796 	 0.170
797 	 0.110
798 	 0.090
799 	 0.180
800 	 0.110
801 	 0.130
802 	 0.160
803 	 0.160
804 	 0.130
805 	 0.130
806 	 0.120
807 	 0.170
808 	 0.130
809 	 0.130
810 	 0.150
811 	 0.130
812 	 0.210
813 	 0.160
814 	 0.130
815 	 0.140
816 	 0.150
817 	 0.180
818 	 0.190
819 	 0.110
820 	 0.150
821 	 0.140
822 	 0.150
823 	 0.130
824 	 0.150
825 	 0.160
826 	 0.150
827 	 0.160
828 	 0.130
829 	 0.130
830 	 0.200
831 	 0.150
832 	 0.160
833 	 0.220
834 	 0.100
835 	 0.160
836 	 0.160
837 	 0.160
838 	 0.140
839 	 0.180
840 	 0.100
841 	 0.210
842 	 0.230
843 	 0.120
844 	 0.100
845 	 0.120
846 	 0.120
847 	 0.170
848 	 0.100
849 	 0.120
850 	 0.180
851 	 0.120
852 	 0.140
853 	 0.110
854 	 0.070
855 	 0.110
856 	 0.100
857 	 0.200
858 	 0.150
859 	 0.100
860 	 0.210
861 	 0.130
862 	 0.070
863 	 0.140
864 	 0.150
865 	 0.100
866 	 0.110
867 	 0.170
868 	 0.130
869 	 0.120
870 	 0.080
871 	 0.150
872 	 0.100
873 	 0.120
874 	 0.070
875 	 0.150
876 	 0.100
877 	 0.090
878 	 0.120
879 	 0.120
880 	 0.150
881 	 0.120
882 	 0.140
883 	 0.170
884 	 0.140
885 	 0.140
886 	 0.060
887 	 0.130
888 	 0.200
889 	 0.180
890 	 0.110
891 	 0.160
892 	 0.130
893 	 0.090
894 	 0.100
895 	 0.130
896 	 0.150
897 	 0.150
898 	 0.050
899 	 0.150
900 	 0.120
901 	 0.080
902 	 0.150
903 	 0.120
904 	 0.130
905 	 0.050
906 	 0.120
907 	 0.090
908 	 0.090
909 	 0.050
910 	 0.120
911 	 0.100
912 	 0.120
913 	 0.100
914 	 0.090
915 	 0.130
916 	 0.130
917 	 0.130
918 	 0.140
919 	 0.100
920 	 0.130
921 	 0.140
922 	 0.180
923 	 0.200
924 	 0.110
925 	 0.120
926 	 0.080
927 	 0.110
928 	 0.110
929 	 0.050
930 	 0.090
931 	 0.150
932 	 0.100
933 	 0.040
934 	 0.080
935 	 0.090
936 	 0.180
937 	 0.100
938 	 0.150
939 	 0.070
940 	 0.130
941 	 0.100
942 	 0.140
943 	 0.120
944 	 0.150
945 	 0.100
946 	 0.100
947 	 0.230
948 	 0.110
949 	 0.110
950 	 0.090
951 	 0.110
952 	 0.100
953 	 0.060
954 	 0.120
955 	 0.130
956 	 0.070
957 	 0.070
958 	 0.120
959 	 0.100
960 	 0.090
961 	 0.150
962 	 0.130
963 	 0.080
964 	 0.060
965 	 0.100
966 	 0.090
967 	 0.130
968 	 0.120
969 	 0.080
970 	 0.080
971 	 0.140
972 	 0.070
973 	 0.100
974 	 0.110
975 	 0.070
976 	 0.130
977 	 0.080
978 	 0.070
979 	 0.110
980 	 0.150
981 	 0.080
982 	 0.130
983 	 0.130
984 	 0.080
985 	 0.080
986 	 0.060
987 	 0.150
988 	 0.070
989 	 0.060
990 	 0.100
991 	 0.050
992 	 0.100
993 	 0.070
994 	 0.120
995 	 0.090
996 	 0.100
997 	 0.130
998 	 0.090
999 	 0.090
1000 	 0.090
1001 	 0.060
1002 	 0.070
1003 	 0.100
1004 	 0.100
1005 	 0.110
1006 	 0.040
1007 	 0.100
1008 	 0.130
1009 	 0.160
1010 	 0.060
1011 	 0.150
1012 	 0.130
1013 	 0.100
1014 	 0.120
1015 	 0.060
1016 	 0.140
1017 	 0.100
1018 	 0.100
1019 	 0.140
1020 	 0.040
1021 	 0.090
1022 	 0.100
1023 	 0.070
1024 	 0.090
1025 	 0.120
1026 	 0.080
1027 	 0.090
1028 	 0.060
1029 	 0.080
1030 	 0.050
1031 	 0.080
1032 	 0.050
1033 	 0.100
1034 	 0.100
1035 	 0.100
1036 	 0.130
1037 	 0.090
1038 	 0.070
1039 	 0.090
1040 	 0.030
1041 	 0.120
1042 	 0.080
1043 	 0.060
1044 	 0.110
1045 	 0.070
1046 	 0.120
1047 	 0.110
1048 	 0.070
1049 	 0.080
1050 	 0.060
1051 	 0.050
1052 	 0.100
1053 	 0.060
1054 	 0.040
1055 	 0.070
1056 	 0.050
1057 	 0.120
1058 	 0.110
1059 	 0.090
1060 	 0.070
1061 	 0.080
1062 	 0.080
1063 	 0.090
1064 	 0.080
1065 	 0.090
1066 	 0.100
1067 	 0.080
1068 	 0.080
1069 	 0.030
1070 	 0.080
1071 	 0.070
1072 	 0.100
1073 	 0.110
1074 	 0.100
1075 	 0.090
1076 	 0.060
1077 	 0.120
1078 	 0.120
1079 	 0.080
1080 	 0.040
1081 	 0.070
1082 	 0.060
1083 	 0.130
1084 	 0.080
1085 	 0.160
1086 	 0.100
1087 	 0.110
1088 	 0.050
1089 	 0.110
1090 	 0.090
1091 	 0.080
1092 	 0.150
1093 	 0.070
1094 	 0.060
1095 	 0.060
1096 	 0.100
1097 	 0.050
1098 	 0.070
1099 	 0.050
1100 	 0.070
1101 	 0.060
1102 	 0.080
1103 	 0.050
1104 	 0.050
1105 	 0.130
1106 	 0.050
1107 	 0.080
1108 	 0.110
1109 	 0.100
1110 	 0.140
1111 	 0.070
1112 	 0.060
1113 	 0.070
1114 	 0.110
1115 	 0.140
1116 	 0.110
1117 	 0.150
1118 	 0.040
1119 	 0.040
1120 	 0.060
1121 	 0.090
1122 	 0.060
1123 	 0.060
1124 	 0.100
1125 	 0.070
1126 	 0.070
1127 	 0.050
1128 	 0.040
1129 	 0.090
1130 	 0.060
1131 	 0.080
1132 	 0.120
1133 	 0.090
1134 	 0.070
1135 	 0.130
1136 	 0.100
1137 	 0.050
1138 	 0.100
1139 	 0.020
1140 	 0.090
1141 	 0.010
1142 	 0.040
1143 	 0.090
1144 	 0.070
1145 	 0.100
1146 	 0.110
1147 	 0.060
1148 	 0.090
1149 	 0.040
1150 	 0.120
1151 	 0.070
1152 	 0.050
1153 	 0.070
1154 	 0.100
1155 	 0.080
1156 	 0.070
1157 	 0.050
1158 	 0.110
1159 	 0.060
1160 	 0.140
1161 	 0.110
1162 	 0.070
1163 	 0.070
1164 	 0.060
1165 	 0.050
1166 	 0.080
1167 	 0.050
1168 	 0.030
1169 	 0.040
1170 	 0.060
1171 	 0.080
1172 	 0.090
1173 	 0.080
1174 	 0.080
1175 	 0.080
1176 	 0.090
1177 	 0.040
1178 	 0.040
1179 	 0.090
1180 	 0.040
1181 	 0.050
1182 	 0.070
1183 	 0.030
1184 	 0.060
1185 	 0.100
1186 	 0.050
1187 	 0.070
1188 	 0.040
1189 	 0.080
1190 	 0.020
1191 	 0.050
1192 	 0.020
1193 	 0.100
1194 	 0.070
1195 	 0.040
1196 	 0.100
1197 	 0.110
1198 	 0.090
1199 	 0.060
1200 	 0.070
1201 	 0.100
1202 	 0.050
1203 	 0.070
1204 	 0.070
1205 	 0.090
1206 	 0.060
1207 	 0.070
1208 	 0.040
1209 	 0.060
1210 	 0.050
1211 	 0.100
1212 	 0.060
1213 	 0.090
1214 	 0.050
1215 	 0.100
1216 	 0.030
1217 	 0.050
1218 	 0.040
1219 	 0.080
1220 	 0.080
1221 	 0.060
1222 	 0.050
1223 	 0.100
1224 	 0.060
1225 	 0.070
1226 	 0.030
1227 	 0.030
1228 	 0.080
1229 	 0.090
1230 	 0.030
1231 	 0.060
1232 	 0.050
1233 	 0.070
1234 	 0.060
1235 	 0.070
1236 	 0.060
1237 	 0.060
1238 	 0.040
1239 	 0.060
1240 	 0.110
1241 	 0.040
1242 	 0.030
1243 	 0.070
1244 	 0.030
1245 	 0.050
1246 	 0.070
1247 	 0.080
1248 	 0.060
1249 	 0.040
1250 	 0.020
1251 	 0.040
1252 	 0.040
1253 	 0.070
1254 	 0.080
1255 	 0.090
1256 	 0.060
1257 	 0.060
1258 	 0.050
1259 	 0.050
1260 	 0.050
1261 	 0.070
1262 	 0.060
1263 	 0.060
1264 	 0.040
1265 	 0.060
1266 	 0.070
1267 	 0.040
1268 	 0.050
1269 	 0.030
1270 	 0.090
1271 	 0.060
1272 	 0.070
1273 	 0.080
1274 	 0.080
1275 	 0.040
1276 	 0.040
1277 	 0.030
1278 	 0.020
1279 	 0.040
1280 	 0.070
1281 	 0.030
1282 	 0.060
1283 	 0.050
1284 	 0.060
1285 	 0.110
1286 	 0.050
1287 	 0.060
1288 	 0.060
1289 	 0.020
1290 	 0.040
1291 	 0.050
1292 	 0.090
1293 	 0.050
1294 	 0.060
1295 	 0.040
1296 	 0.080
1297 	 0.070
1298 	 0.110
1299 	 0.070
1300 	 0.080
1301 	 0.020
1302 	 0.020
1303 	 0.020
1304 	 0.050
1305 	 0.080
1306 	 0.020
1307 	 0.040
1308 	 0.080
1309 	 0.040
1310 	 0.040
1311 	 0.040
1312 	 0.070
1313 	 0.080
1314 	 0.070
1315 	 0.080
1316 	 0.070
1317 	 0.050
1318 	 0.020
1319 	 0.050
1320 	 0.040
1321 	 0.090
1322 	 0.040
1323 	 0.040
1324 	 0.040
1325 	 0.060
1326 	 0.020
1327 	 0.060
1328 	 0.040
1329 	 0.040
1330 	 0.040
1331 	 0.070
1332 	 0.100
1333 	 0.040
1334 	 0.020
1335 	 0.030
1336 	 0.040
1337 	 0.060
1338 	 0.010
1339 	 0.060
1340 	 0.070
1341 	 0.090
1342 	 0.020
1343 	 0.050
1344 	 0.090
1345 	 0.070
1346 	 0.060
1347 	 0.050
1348 	 0.050
1349 	 0.040
1350 	 0.130
1351 	 0.050
1352 	 0.090
1353 	 0.110
1354 	 0.030
1355 	 0.050
1356 	 0.040
1357 	 0.060
1358 	 0.030
1359 	 0.030
1360 	 0.030
1361 	 0.050
1362 	 0.050
1363 	 0.050
1364 	 0.090
1365 	 0.070
1366 	 0.040
1367 	 0.040
1368 	 0.020
1369 	 0.070
1370 	 0.050
1371 	 0.060
1372 	 0.050
1373 	 0.060
1374 	 0.040
1375 	 0.050
1376 	 0.060
1377 	 0.060
1378 	 0.060
1379 	 0.050
1380 	 0.090
1381 	 0.030
1382 	 0.020
1383 	 0.040
1384 	 0.060
1385 	 0.050
1386 	 0.030
1387 	 0.050
1388 	 0.040
1389 	 0.060
1390 	 0.070
1391 	 0.050
1392 	 0.020
1393 	 0.020
1394 	 0.050
1395 	 0.080
1396 	 0.050
1397 	 0.060
1398 	 0.040
1399 	 0.030
1400 	 0.040
1401 	 0.080
1402 	 0.060
1403 	 0.030
1404 	 0.060
1405 	 0.070
1406 	 0.030
1407 	 0.030
1408 	 0.030
1409 	 0.060
1410 	 0.040
1411 	 0.050
1412 	 0.060
1413 	 0.070
1414 	 0.070
1415 	 0.060
1416 	 0.060
1417 	 0.060
1418 	 0.050
1419 	 0.080
1420 	 0.040
1421 	 0.070
1422 	 0.050
1423 	 0.040
1424 	 0.040
1425 	 0.040
1426 	 0.060
1427 	 0.040
1428 	 0.090
1429 	 0.050
1430 	 0.050
1431 	 0.040
1432 	 0.040
1433 	 0.020
1434 	 0.030
1435 	 0.040
1436 	 0.030
1437 	 0.050
1438 	 0.040
1439 	 0.040
1440 	 0.050
1441 	 0.050
1442 	 0.040
1443 	 0.030
1444 	 0.020
1445 	 0.030
1446 	 0.030
1447 	 0.040
1448 	 0.020
1449 	 0.080
1450 	 0.040
1451 	 0.040
1452 	 0.010
1453 	 0.060
1454 	 0.040
1455 	 0.050
1456 	 0.030
1457 	 0.040
1458 	 0.040
1459 	 0.050
1460 	 0.070
1461 	 0.040
1462 	 0.090
1463 	 0.040
1464 	 0.030
1465 	 0.030
1466 	 0.020
1467 	 0.050
1468 	 0.050
1469 	 0.030
1470 	 0.020
1471 	 0.040
1472 	 0.040
1473 	 0.070
1474 	 0.040
1475 	 0.020
1476 	 0.070
1477 	 0.060
1478 	 0.050
1479 	 0.020
1480 	 0.060
1481 	 0.060
1482 	 0.030
1483 	 0.040
1484 	 0.060
1485 	 0.020
1486 	 0.070
1487 	 0.040
1488 	 0.040
1489 	 0.050
1490 	 0.040
1491 	 0.040
1492 	 0.050
1493 	 0.020
1494 	 0.040
1495 	 0.060
1496 	 0.050
1497 	 0.040
1498 	 0.050
1499 	 0.040
1500 	 0.030
1501 	 0.040
1502 	 0.060
1503 	 0.030
1504 	 0.030
1505 	 0.050
1506 	 0.070
1507 	 0.050
1508 	 0.040
1509 	 0.060
1510 	 0.050
1511 	 0.030
1512 	 0.070
1513 	 0.020
1514 	 0.050
1515 	 0.110
1516 	 0.020
1517 	 0.040
1518 	 0.030
1519 	 0.010
1520 	 0.030
1521 	 0.000
1522 	 0.020
1523 	 0.040
1524 	 0.040
1525 	 0.040
1526 	 0.030
1527 	 0.030
1528 	 0.010
1529 	 0.040
1530 	 0.040
1531 	 0.040
1532 	 0.040
1533 	 0.080
1534 	 0.030
1535 	 0.030
1536 	 0.060
1537 	 0.050
1538 	 0.080
1539 	 0.030
1540 	 0.050
1541 	 0.070
1542 	 0.060
1543 	 0.020
1544 	 0.080
1545 	 0.030
1546 	 0.020
1547 	 0.050
1548 	 0.050
1549 	 0.030
1550 	 0.040
1551 	 0.030
1552 	 0.020
1553 	 0.040
1554 	 0.040
1555 	 0.020
1556 	 0.030
1557 	 0.000
1558 	 0.010
1559 	 0.040
1560 	 0.040
1561 	 0.050
1562 	 0.040
1563 	 0.020
1564 	 0.050
1565 	 0.030
1566 	 0.010
1567 	 0.030
1568 	 0.020
1569 	 0.020
1570 	 0.020
1571 	 0.030
1572 	 0.030
1573 	 0.040
1574 	 0.050
1575 	 0.030
1576 	 0.020
1577 	 0.000
1578 	 0.050
1579 	 0.030
1580 	 0.020
1581 	 0.040
1582 	 0.040
1583 	 0.070
1584 	 0.030
1585 	 0.060
1586 	 0.030
1587 	 0.020
1588 	 0.080
1589 	 0.020
1590 	 0.050
1591 	 0.020
1592 	 0.020
1593 	 0.040
1594 	 0.040
1595 	 0.010
1596 	 0.080
1597 	 0.000
1598 	 0.020
1599 	 0.010
1600 	 0.010
1601 	 0.030
1602 	 0.060
1603 	 0.020
1604 	 0.010
1605 	 0.060
1606 	 0.040
1607 	 0.040
1608 	 0.030
1609 	 0.040
1610 	 0.030
1611 	 0.040
1612 	 0.030
1613 	 0.060
1614 	 0.040
1615 	 0.030
1616 	 0.060
1617 	 0.000
1618 	 0.000
1619 	 0.040
1620 	 0.020
1621 	 0.020
1622 	 0.030
1623 	 0.050
1624 	 0.050
1625 	 0.060
1626 	 0.060
1627 	 0.060
1628 	 0.020
1629 	 0.030
1630 	 0.080
1631 	 0.060
1632 	 0.040
1633 	 0.050
1634 	 0.030
1635 	 0.020
1636 	 0.030
1637 	 0.060
1638 	 0.020
1639 	 0.020
1640 	 0.000
1641 	 0.000
1642 	 0.040
1643 	 0.030
1644 	 0.020
1645 	 0.060
1646 	 0.020
1647 	 0.020
1648 	 0.030
1649 	 0.050
1650 	 0.010
1651 	 0.040
1652 	 0.010
1653 	 0.020
1654 	 0.040
1655 	 0.050
1656 	 0.010
1657 	 0.050
1658 	 0.040
1659 	 0.000
1660 	 0.050
1661 	 0.010
1662 	 0.020
1663 	 0.050
1664 	 0.030
1665 	 0.020
1666 	 0.020
1667 	 0.020
1668 	 0.030
1669 	 0.060
1670 	 0.020
1671 	 0.010
1672 	 0.040
1673 	 0.050
1674 	 0.040
1675 	 0.010
1676 	 0.070
1677 	 0.030
1678 	 0.030
1679 	 0.030
1680 	 0.060
1681 	 0.030
1682 	 0.030
1683 	 0.050
1684 	 0.060
1685 	 0.050
1686 	 0.010
1687 	 0.030
1688 	 0.060
1689 	 0.030
1690 	 0.020
1691 	 0.030
1692 	 0.000
1693 	 0.020
1694 	 0.010
1695 	 0.030
1696 	 0.020
1697 	 0.010
1698 	 0.010
1699 	 0.030
1700 	 0.070
1701 	 0.050
1702 	 0.020
1703 	 0.040
1704 	 0.020
1705 	 0.040
1706 	 0.030
1707 	 0.050
1708 	 0.010
1709 	 0.040
1710 	 0.030
1711 	 0.020
1712 	 0.020
1713 	 0.060
1714 	 0.040
1715 	 0.020
1716 	 0.000
1717 	 0.080
1718 	 0.010
1719 	 0.010
1720 	 0.050
1721 	 0.000
1722 	 0.030
1723 	 0.040
1724 	 0.060
1725 	 0.020
1726 	 0.050
1727 	 0.050
1728 	 0.050
1729 	 0.020
1730 	 0.040
1731 	 0.030
1732 	 0.030
1733 	 0.040
1734 	 0.080
1735 	 0.030
1736 	 0.040
1737 	 0.020
1738 	 0.040
1739 	 0.060
1740 	 0.010
1741 	 0.040
1742 	 0.040
1743 	 0.050
1744 	 0.050
1745 	 0.020
1746 	 0.020
1747 	 0.050
1748 	 0.010
1749 	 0.010
1750 	 0.030
1751 	 0.040
1752 	 0.030
1753 	 0.040
1754 	 0.050
1755 	 0.000
1756 	 0.010
1757 	 0.050
1758 	 0.020
1759 	 0.040
1760 	 0.030
1761 	 0.000
1762 	 0.000
1763 	 0.030
1764 	 0.020
1765 	 0.030
1766 	 0.020
1767 	 0.030
1768 	 0.020
1769 	 0.010
1770 	 0.050
1771 	 0.010
1772 	 0.050
1773 	 0.020
1774 	 0.020
1775 	 0.040
1776 	 0.030
1777 	 0.030
1778 	 0.020
1779 	 0.010
1780 	 0.020
1781 	 0.050
1782 	 0.030
1783 	 0.010
1784 	 0.030
1785 	 0.020
1786 	 0.000
1787 	 0.010
1788 	 0.060
1789 	 0.010
1790 	 0.030
1791 	 0.030
1792 	 0.020
1793 	 0.030
1794 	 0.010
1795 	 0.040
1796 	 0.010
1797 	 0.050
1798 	 0.060
1799 	 0.020
1800 	 0.020
1801 	 0.040
1802 	 0.040
1803 	 0.020
1804 	 0.060
1805 	 0.030
1806 	 0.070
1807 	 0.020
1808 	 0.040
1809 	 0.050
1810 	 0.040
1811 	 0.020
1812 	 0.040
1813 	 0.040
1814 	 0.040
1815 	 0.050
1816 	 0.000
1817 	 0.050
1818 	 0.050
1819 	 0.010
1820 	 0.000
1821 	 0.030
1822 	 0.020
1823 	 0.030
1824 	 0.020
1825 	 0.020
1826 	 0.030
1827 	 0.010
1828 	 0.040
1829 	 0.030
1830 	 0.000
1831 	 0.010
1832 	 0.020
1833 	 0.010
1834 	 0.020
1835 	 0.050
1836 	 0.050
1837 	 0.010
1838 	 0.000
1839 	 0.050
1840 	 0.040
1841 	 0.040
1842 	 0.020
1843 	 0.020
1844 	 0.030
1845 	 0.000
1846 	 0.020
1847 	 0.040
1848 	 0.020
1849 	 0.070
1850 	 0.020
1851 	 0.020
1852 	 0.050
1853 	 0.030
1854 	 0.020
1855 	 0.010
1856 	 0.030
1857 	 0.020
1858 	 0.000
1859 	 0.030
1860 	 0.040
1861 	 0.010
1862 	 0.010
1863 	 0.020
1864 	 0.010
1865 	 0.020
1866 	 0.040
1867 	 0.040
1868 	 0.010
1869 	 0.020
1870 	 0.020
1871 	 0.040
1872 	 0.040
1873 	 0.020
1874 	 0.020
1875 	 0.020
1876 	 0.020
1877 	 0.000
1878 	 0.010
1879 	 0.040
1880 	 0.030
1881 	 0.010
1882 	 0.020
1883 	 0.030
1884 	 0.000
1886 	 0.000
1887 	 0.020
1888 	 0.010
1889 	 0.010
1890 	 0.010
1891 	 0.010
1892 	 0.040
1893 	 0.020
1894 	 0.030
1895 	 0.040
1896 	 0.000
1897 	 0.020
1898 	 0.030
1899 	 0.030
1900 	 0.010
1901 	 0.040
1902 	 0.020
1903 	 0.010
1904 	 0.020
1905 	 0.020
1906 	 0.020
1907 	 0.020
1908 	 0.030
1909 	 0.020
1910 	 0.010
1911 	 0.030
1912 	 0.000
1913 	 0.020
1914 	 0.030
1915 	 0.020
1916 	 0.040
1917 	 0.030
1918 	 0.020
1919 	 0.000
1920 	 0.050
1921 	 0.020
1922 	 0.020
1923 	 0.010
1924 	 0.010
1925 	 0.020
1926 	 0.020
1927 	 0.000
1928 	 0.010
1929 	 0.040
1930 	 0.000
1931 	 0.020
1932 	 0.000
1933 	 0.020
1934 	 0.030
1935 	 0.010
1936 	 0.000
1937 	 0.030
1938 	 0.030
1939 	 0.010
1940 	 0.000
1941 	 0.050
1942 	 0.010
1943 	 0.010
1944 	 0.030
1945 	 0.020
1946 	 0.010
1947 	 0.030
1948 	 0.030
1949 	 0.020
1950 	 0.000
1951 	 0.030
1952 	 0.030
1953 	 0.010
1954 	 0.020
1955 	 0.000
1956 	 0.000
1957 	 0.010
1958 	 0.020
1959 	 0.020
1960 	 0.020
1961 	 0.020
1962 	 0.020
1963 	 0.030
1964 	 0.020
1965 	 0.020
1966 	 0.030
1967 	 0.020
1968 	 0.020
1969 	 0.010
1970 	 0.030
1971 	 0.010
1972 	 0.020
1973 	 0.030
1974 	 0.010
1975 	 0.040
1976 	 0.000
1977 	 0.030
1978 	 0.010
1979 	 0.020
1980 	 0.000
1981 	 0.040
1982 	 0.020
1983 	 0.010
1984 	 0.010
1985 	 0.010
1986 	 0.000
1987 	 0.010
1988 	 0.030
1989 	 0.000
1990 	 0.010
1991 	 0.010
1992 	 0.000
1993 	 0.020
1994 	 0.030
1995 	 0.010
1996 	 0.030
1997 	 0.020
1998 	 0.020
1999 	 0.030
2000 	 0.000
2001 	 0.010
2002 	 0.020
2003 	 0.010
2004 	 0.000
2005 	 0.010
2006 	 0.000
2007 	 0.040
2008 	 0.010
2009 	 0.000
2010 	 0.030
2011 	 0.020
2012 	 0.010
2013 	 0.010
2014 	 0.010
2015 	 0.030
2016 	 0.000
2017 	 0.010
2018 	 0.040
2019 	 0.030
2020 	 0.010
2021 	 0.030
2022 	 0.020
2023 	 0.010
2024 	 0.010
2025 	 0.000
2026 	 0.020
2027 	 0.000
2029 	 0.000
2030 	 0.020
2031 	 0.010
2032 	 0.000
2033 	 0.010
2034 	 0.010
2035 	 0.010
2036 	 0.030
2037 	 0.020
2038 	 0.020
2039 	 0.000
2042 	 0.000
2043 	 0.020
2044 	 0.010
2045 	 0.000
2047 	 0.000
2048 	 0.020
2049 	 0.020
2050 	 0.050
2051 	 0.010
2052 	 0.020
2053 	 0.010
2054 	 0.030
2055 	 0.010
2056 	 0.020
2057 	 0.010
2058 	 0.000
2059 	 0.010
2060 	 0.030
2061 	 0.030
2062 	 0.000
2063 	 0.010
2064 	 0.020
2065 	 0.020
2066 	 0.000
2067 	 0.000
2068 	 0.050
2069 	 0.010
2070 	 0.010
2071 	 0.000
2072 	 0.020
2073 	 0.030
2074 	 0.020
2075 	 0.010
2076 	 0.020
2077 	 0.000
2078 	 0.020
2079 	 0.030
2080 	 0.020
2081 	 0.020
2082 	 0.030
2083 	 0.010
2084 	 0.010
2085 	 0.000
2086 	 0.040
2087 	 0.000
2088 	 0.020
2089 	 0.030
2090 	 0.010
2091 	 0.010
2092 	 0.010
2093 	 0.020
2094 	 0.050
2095 	 0.020
2096 	 0.000
2097 	 0.000
2098 	 0.040
2099 	 0.030
2100 	 0.010
2101 	 0.030
2102 	 0.000
2103 	 0.000
2104 	 0.030
2105 	 0.010
2106 	 0.010
2107 	 0.030
2108 	 0.030
2109 	 0.010
2110 	 0.020
2111 	 0.010
2112 	 0.000
2113 	 0.020
2114 	 0.010
2115 	 0.020
2116 	 0.030
2117 	 0.040
2118 	 0.040
2119 	 0.010
2120 	 0.040
2121 	 0.000
2122 	 0.010
2123 	 0.030
2124 	 0.000
2125 	 0.010
2126 	 0.010
2127 	 0.020
2128 	 0.000
2129 	 0.000
2130 	 0.010
2131 	 0.000
2132 	 0.020
2133 	 0.010
2134 	 0.040
2135 	 0.020
2136 	 0.020
2137 	 0.020
2138 	 0.020
2139 	 0.020
2140 	 0.010
2141 	 0.010
2142 	 0.000
2143 	 0.000
2144 	 0.020
2145 	 0.010
2146 	 0.020
2147 	 0.030
2148 	 0.040
2149 	 0.030
2150 	 0.010
2151 	 0.010
2152 	 0.000
2153 	 0.010
2154 	 0.010
2155 	 0.010
2156 	 0.000
2157 	 0.010
2158 	 0.010
2159 	 0.000
2160 	 0.020
2161 	 0.000
2162 	 0.020
2163 	 0.000
2164 	 0.030
2165 	 0.020
2166 	 0.010
2167 	 0.040
2168 	 0.040
2169 	 0.000
2170 	 0.010
2171 	 0.020
2172 	 0.010
2173 	 0.010
2174 	 0.010
2175 	 0.010
2176 	 0.000
2177 	 0.030
2178 	 0.010
2179 	 0.030
2180 	 0.010
2181 	 0.010
2182 	 0.010
2183 	 0.000
2184 	 0.030
2185 	 0.000
2186 	 0.010
2187 	 0.000
2188 	 0.010
2189 	 0.010
2190 	 0.020
2191 	 0.030
2192 	 0.020
2193 	 0.000
2194 	 0.030
2195 	 0.010
2196 	 0.020
2197 	 0.030
2198 	 0.000
2199 	 0.010
2200 	 0.020
2201 	 0.010
2202 	 0.020
2203 	 0.020
2204 	 0.010
2205 	 0.000
2206 	 0.010
2207 	 0.020
2208 	 0.050
2209 	 0.020
2210 	 0.000
2211 	 0.010
2212 	 0.010
2213 	 0.000
2214 	 0.000
2215 	 0.020
2216 	 0.010
2217 	 0.020
2218 	 0.020
2219 	 0.020
2220 	 0.000
2221 	 0.020
2222 	 0.020
2223 	 0.050
2224 	 0.030
2225 	 0.030
2226 	 0.000
2227 	 0.020
2228 	 0.030
2229 	 0.000
2230 	 0.010
2231 	 0.000
2232 	 0.010
2233 	 0.010
2234 	 0.030
2235 	 0.000
2236 	 0.010
2237 	 0.010
2238 	 0.000
2239 	 0.020
2240 	 0.010
2241 	 0.020
2242 	 0.000
2243 	 0.000
2244 	 0.020
2245 	 0.010
2246 	 0.010
2247 	 0.010
2248 	 0.010
2249 	 0.030
2250 	 0.000
2251 	 0.030
2252 	 0.010
2253 	 0.010
2254 	 0.030
2255 	 0.010
2256 	 0.020
2257 	 0.010
2258 	 0.010
2259 	 0.030
2260 	 0.010
2261 	 0.020
2262 	 0.010
2263 	 0.000
2264 	 0.020
2265 	 0.000
2266 	 0.030
2267 	 0.000
2269 	 0.000
2270 	 0.010
2271 	 0.020
2272 	 0.000
2273 	 0.000
2274 	 0.010
2275 	 0.000
2278 	 0.000
2279 	 0.030
2280 	 0.000
2281 	 0.020
2282 	 0.040
2283 	 0.030
2284 	 0.020
2285 	 0.000
2286 	 0.020
2287 	 0.020
2288 	 0.020
2289 	 0.030
2290 	 0.040
2291 	 0.000
2292 	 0.000
2293 	 0.020
2294 	 0.000
2295 	 0.000
2296 	 0.030
2297 	 0.050
2298 	 0.000
2299 	 0.000
2300 	 0.010
2301 	 0.000
2302 	 0.030
2303 	 0.000
2304 	 0.020
2305 	 0.000
2307 	 0.000
2308 	 0.010
2309 	 0.020
2310 	 0.030
2311 	 0.000
2312 	 0.040
2313 	 0.010
2314 	 0.010
2315 	 0.000
2316 	 0.020
2317 	 0.010
2318 	 0.020
2319 	 0.000
2320 	 0.010
2321 	 0.000
2322 	 0.020
2323 	 0.000
2324 	 0.010
2325 	 0.010
2326 	 0.020
2327 	 0.010
2328 	 0.000
2331 	 0.000
2332 	 0.030
2333 	 0.010
2334 	 0.010
2335 	 0.000
2336 	 0.000
2337 	 0.010
2338 	 0.010
2339 	 0.010
2340 	 0.000
2341 	 0.010
2342 	 0.000
2343 	 0.020
2344 	 0.010
2345 	 0.010
2346 	 0.000
2347 	 0.010
2348 	 0.000
2349 	 0.010
2350 	 0.010
2351 	 0.000
2352 	 0.010
2353 	 0.010
2354 	 0.020
2355 	 0.030
2356 	 0.000
2357 	 0.010
2358 	 0.000
2359 	 0.030
2360 	 0.020
2361 	 0.020
2362 	 0.010
2363 	 0.010
2364 	 0.010
2365 	 0.010
2366 	 0.020
2367 	 0.000
2368 	 0.010
2369 	 0.020
2370 	 0.010
2371 	 0.000
2372 	 0.020
2373 	 0.000
2374 	 0.010
2375 	 0.000
2376 	 0.000
2377 	 0.010
2378 	 0.030
2379 	 0.020
2380 	 0.000
2381 	 0.020
2382 	 0.020
2383 	 0.010
2384 	 0.010
2385 	 0.000
2386 	 0.010
2387 	 0.000
2388 	 0.010
2389 	 0.010
2390 	 0.000
2391 	 0.010
2392 	 0.020
2393 	 0.010
2394 	 0.040
2395 	 0.010
2396 	 0.000
2397 	 0.010
2398 	 0.000
2399 	 0.010
2400 	 0.020
2401 	 0.010
2402 	 0.030
2403 	 0.010
2404 	 0.010
2405 	 0.020
2406 	 0.000
2407 	 0.020
2408 	 0.000
2409 	 0.000
2410 	 0.010
2411 	 0.030
2412 	 0.010
2413 	 0.010
2414 	 0.020
2415 	 0.000
2416 	 0.010
2417 	 0.020
2418 	 0.000
2419 	 0.000
2420 	 0.010
2421 	 0.010
2422 	 0.010
2423 	 0.000
2424 	 0.000
2425 	 0.020
2426 	 0.010
2427 	 0.030
2428 	 0.030
2429 	 0.020
2430 	 0.000
2431 	 0.010
2432 	 0.020
2433 	 0.000
2435 	 0.000
2436 	 0.020
2437 	 0.000
2438 	 0.030
2439 	 0.000
2440 	 0.010
2441 	 0.010
2442 	 0.010
2443 	 0.010
2444 	 0.010
2445 	 0.010
2446 	 0.020
2447 	 0.000
2448 	 0.020
2449 	 0.010
2450 	 0.000
2451 	 0.020
2452 	 0.020
2453 	 0.010
2454 	 0.010
2455 	 0.000
2456 	 0.010
2457 	 0.000
2458 	 0.000
2459 	 0.010
2460 	 0.010
2461 	 0.010
2462 	 0.000
2463 	 0.010
2464 	 0.010
2465 	 0.040
2466 	 0.000
2467 	 0.020
2468 	 0.000
2469 	 0.010
2470 	 0.000
2471 	 0.030
2472 	 0.000
2473 	 0.010
2474 	 0.030
2475 	 0.000
2476 	 0.010
2477 	 0.010
2478 	 0.030
2479 	 0.020
2480 	 0.000
2481 	 0.010
2482 	 0.000
2484 	 0.000
2485 	 0.010
2486 	 0.000
2487 	 0.000
2488 	 0.010
2489 	 0.010
2490 	 0.000
2491 	 0.010
2492 	 0.040
2493 	 0.010
2494 	 0.020
2495 	 0.010
2496 	 0.000
2497 	 0.010
2498 	 0.010
2499 	 0.010
2500 	 0.020
2501 	 0.000
2502 	 0.000
2503 	 0.020
2504 	 0.020
2505 	 0.020
2506 	 0.000
2507 	 0.020
2508 	 0.010
2509 	 0.010
2510 	 0.000
2511 	 0.010
2512 	 0.000
2513 	 0.000
2514 	 0.010
2515 	 0.030
2516 	 0.020
2517 	 0.020
2518 	 0.030
2519 	 0.000
2520 	 0.000
2521 	 0.010
2522 	 0.010
2523 	 0.020
2524 	 0.010
2525 	 0.010
2526 	 0.000
2527 	 0.000
2528 	 0.010
2529 	 0.010
2530 	 0.050
2531 	 0.010
2532 	 0.010
2533 	 0.010
2534 	 0.040
2535 	 0.010
2536 	 0.010
2537 	 0.010
2538 	 0.010
2539 	 0.020
2540 	 0.010
2541 	 0.020
2542 	 0.010
2543 	 0.020
2544 	 0.000
2546 	 0.000
2547 	 0.020
2548 	 0.010
2549 	 0.000
2550 	 0.020
2551 	 0.030
2552 	 0.010
2553 	 0.000
2554 	 0.000
2555 	 0.010
2556 	 0.000
2557 	 0.000
2558 	 0.010
2559 	 0.010
2560 	 0.000
2561 	 0.000
2562 	 0.030
2563 	 0.000
2564 	 0.030
2565 	 0.020
2566 	 0.010
2567 	 0.010
2568 	 0.000
2569 	 0.010
2570 	 0.010
2571 	 0.010
2572 	 0.000
2573 	 0.030
2574 	 0.010
2575 	 0.010
2576 	 0.020
2577 	 0.020
2578 	 0.010
2579 	 0.010
2580 	 0.010
2581 	 0.010
2582 	 0.010
2583 	 0.010
2584 	 0.000
2585 	 0.000
2586 	 0.010
2587 	 0.010
2588 	 0.000
2589 	 0.000
2590 	 0.010
2591 	 0.040
2592 	 0.020
2593 	 0.010
2594 	 0.000
2595 	 0.000
2596 	 0.030
2597 	 0.000
2598 	 0.010
2599 	 0.010
2600 	 0.010
2601 	 0.010
2602 	 0.010
2603 	 0.030
2604 	 0.000
2605 	 0.000
2606 	 0.010
2607 	 0.020
2608 	 0.000
2611 	 0.000
2612 	 0.010
2613 	 0.010
2614 	 0.020
2615 	 0.000
2616 	 0.000
2617 	 0.010
2618 	 0.000
2619 	 0.010
2620 	 0.010
2621 	 0.010
2622 	 0.000
2623 	 0.010
2624 	 0.010
2625 	 0.020
2626 	 0.010
2627 	 0.010
2628 	 0.010
2629 	 0.000
2630 	 0.000
2631 	 0.010
2632 	 0.010
2633 	 0.000
2634 	 0.010
2635 	 0.020
2636 	 0.010
2637 	 0.010
2638 	 0.000
2639 	 0.010
2640 	 0.010
2641 	 0.010
2642 	 0.010
2643 	 0.000
2644 	 0.010
2645 	 0.000
2646 	 0.000
2647 	 0.010
2648 	 0.010
2649 	 0.020
2650 	 0.030
2651 	 0.010
2652 	 0.010
2653 	 0.000
2654 	 0.040
2655 	 0.000
2656 	 0.000
2657 	 0.010
2658 	 0.010
2659 	 0.010
2660 	 0.020
2661 	 0.010
2662 	 0.000
2664 	 0.000
2665 	 0.010
2666 	 0.000
2667 	 0.020
2668 	 0.020
2669 	 0.010
2670 	 0.010
2671 	 0.020
2672 	 0.010
2673 	 0.000
2674 	 0.000
2675 	 0.010
2676 	 0.010
2677 	 0.010
2678 	 0.000
2679 	 0.010
2680 	 0.000
2681 	 0.020
2682 	 0.000
2683 	 0.020
2684 	 0.000
2685 	 0.020
2686 	 0.010
2687 	 0.010
2688 	 0.000
2689 	 0.010
2690 	 0.000
2692 	 0.000
2693 	 0.010
2694 	 0.000
2695 	 0.010
2696 	 0.000
2697 	 0.010
2698 	 0.010
2699 	 0.000
2700 	 0.000
2701 	 0.030
2702 	 0.000
2703 	 0.000
2704 	 0.010
2705 	 0.010
2706 	 0.000
2707 	 0.010
2708 	 0.000
2709 	 0.020
2710 	 0.000
2713 	 0.000
2714 	 0.010
2715 	 0.020
2716 	 0.000
2717 	 0.000
2718 	 0.030
2719 	 0.020
2720 	 0.010
2721 	 0.000
2722 	 0.020
2723 	 0.020
2724 	 0.000
2725 	 0.010
2726 	 0.000
2727 	 0.010
2728 	 0.000
2729 	 0.010
2730 	 0.010
2731 	 0.000
2732 	 0.000
2733 	 0.010
2734 	 0.020
2735 	 0.010
2736 	 0.000
2737 	 0.010
2738 	 0.000
2739 	 0.000
2740 	 0.020
2741 	 0.000
2743 	 0.000
2744 	 0.010
2745 	 0.010
2746 	 0.000
2747 	 0.010
2748 	 0.000
2749 	 0.020
2750 	 0.010
2751 	 0.020
2752 	 0.000
2753 	 0.010
2754 	 0.010
2755 	 0.010
2756 	 0.000
2757 	 0.000
2758 	 0.010
2759 	 0.030
2760 	 0.000
2761 	 0.020
2762 	 0.000
2763 	 0.000
2764 	 0.010
2765 	 0.000
2766 	 0.020
2767 	 0.000
2774 	 0.000
2775 	 0.010
2776 	 0.000
2777 	 0.010
2778 	 0.000
2779 	 0.010
2780 	 0.020
2781 	 0.000
2782 	 0.010
2783 	 0.000
2784 	 0.000
2785 	 0.010
2786 	 0.010
2787 	 0.010
2788 	 0.000
2789 	 0.010
2790 	 0.000
2791 	 0.000
2792 	 0.010
2793 	 0.020
2794 	 0.010
2795 	 0.000
2796 	 0.010
2797 	 0.010
2798 	 0.020
2799 	 0.000
2801 	 0.000
2802 	 0.020
2803 	 0.020
2804 	 0.000
2805 	 0.020
2806 	 0.020
2807 	 0.000
2808 	 0.010
2809 	 0.020
2810 	 0.000
2811 	 0.020
2812 	 0.010
2813 	 0.010
2814 	 0.000
2815 	 0.010
2816 	 0.000
2820 	 0.000
2821 	 0.010
2822 	 0.000
2823 	 0.010
2824 	 0.000
2825 	 0.030
2826 	 0.010
2827 	 0.020
2828 	 0.010
2829 	 0.000
2830 	 0.010
2831 	 0.010
2832 	 0.010
2833 	 0.020
2834 	 0.010
2835 	 0.000
2836 	 0.000
2837 	 0.010
2838 	 0.000
2845 	 0.000
2846 	 0.010
2847 	 0.000
2848 	 0.000
2849 	 0.020
2850 	 0.020
2851 	 0.010
2852 	 0.010
2853 	 0.000
2860 	 0.000
2861 	 0.010
2862 	 0.010
2863 	 0.000
2865 	 0.000
2866 	 0.010
2867 	 0.000
2868 	 0.000
2869 	 0.010
2870 	 0.000
2871 	 0.000
2872 	 0.010
2873 	 0.020
2874 	 0.000
2875 	 0.010
2876 	 0.010
2877 	 0.000
2878 	 0.010
2879 	 0.010
2880 	 0.000
2881 	 0.020
2882 	 0.000
2883 	 0.000
2884 	 0.020
2885 	 0.020
2886 	 0.010
2887 	 0.000
2888 	 0.010
2889 	 0.010
2890 	 0.010
2891 	 0.000
2894 	 0.000
2895 	 0.010
2896 	 0.010
2897 	 0.010
2898 	 0.000
2901 	 0.000
2902 	 0.010
2903 	 0.000
2904 	 0.010
2905 	 0.000
2906 	 0.010
2907 	 0.000
2908 	 0.000
2909 	 0.010
2910 	 0.000
2911 	 0.010
2912 	 0.000
2913 	 0.020
2914 	 0.010
2915 	 0.010
2916 	 0.010
2917 	 0.020
2918 	 0.010
2919 	 0.000
2921 	 0.000
2922 	 0.010
2923 	 0.000
2927 	 0.000
2928 	 0.010
2929 	 0.010
2930 	 0.030
2931 	 0.010
2932 	 0.000
2934 	 0.000
2935 	 0.020
2936 	 0.010
2937 	 0.000
2947 	 0.000
2948 	 0.020
2949 	 0.010
2950 	 0.010
2951 	 0.000
2953 	 0.000
2954 	 0.010
2955 	 0.010
2956 	 0.020
2957 	 0.000
2958 	 0.020
2959 	 0.020
2960 	 0.020
2961 	 0.010
2962 	 0.000
2963 	 0.010
2964 	 0.010
2965 	 0.000
2966 	 0.010
2967 	 0.010
2968 	 0.000
2969 	 0.020
2970 	 0.000
2971 	 0.000
2972 	 0.010
2973 	 0.010
2974 	 0.000
2978 	 0.000
2979 	 0.010
2980 	 0.000
2981 	 0.000
2982 	 0.010
2983 	 0.000
2984 	 0.000
2985 	 0.010
2986 	 0.000
2987 	 0.000
2988 	 0.010
2989 	 0.000
2998 	 0.000
2999 	 0.010
3000 	 0.000
3001 	 0.010
3002 	 0.000
3003 	 0.010
3004 	 0.000
3005 	 0.010
3006 	 0.010
3007 	 0.010
3008 	 0.010
3009 	 0.000
3011 	 0.000
3012 	 0.010
3013 	 0.010
3014 	 0.000
3015 	 0.020
3016 	 0.010
3017 	 0.000
3018 	 0.010
3019 	 0.020
3020 	 0.000
3023 	 0.000
3024 	 0.010
3025 	 0.010
3026 	 0.030
3027 	 0.000
3037 	 0.000
3038 	 0.010
3039 	 0.020
3040 	 0.000
3042 	 0.000
3043 	 0.010
3044 	 0.000
3045 	 0.000
3046 	 0.010
3047 	 0.000
3049 	 0.000
3050 	 0.010
3051 	 0.000
3052 	 0.010
3053 	 0.000
3057 	 0.000
3058 	 0.010
3059 	 0.010
3060 	 0.000
3061 	 0.010
3062 	 0.000
3063 	 0.000
3064 	 0.020
3065 	 0.040
3066 	 0.000
3068 	 0.000
3069 	 0.010
3070 	 0.010
3071 	 0.000
3073 	 0.000
3074 	 0.010
3075 	 0.000
3077 	 0.000
3078 	 0.010
3079 	 0.000
3084 	 0.000
3085 	 0.010
3086 	 0.010
3087 	 0.010
3088 	 0.000
3089 	 0.000
3090 	 0.010
3091 	 0.000
3093 	 0.000
3094 	 0.010
3095 	 0.000
3099 	 0.000
3100 	 0.010
3101 	 0.000
3102 	 0.000
3103 	 0.010
3104 	 0.010
3105 	 0.000
3109 	 0.000
3110 	 0.010
3111 	 0.000
3112 	 0.010
3113 	 0.000
3114 	 0.010
3115 	 0.010
3116 	 0.010
3117 	 0.020
3118 	 0.010
3119 	 0.000
3126 	 0.000
3127 	 0.010
3128 	 0.000
3132 	 0.000
3133 	 0.020
3134 	 0.010
3135 	 0.010
3136 	 0.020
3137 	 0.000
3139 	 0.000
3140 	 0.010
3141 	 0.000
3142 	 0.010
3143 	 0.000
3144 	 0.020
3145 	 0.020
3146 	 0.000
3150 	 0.000
3151 	 0.010
3152 	 0.000
3153 	 0.020
3154 	 0.020
3155 	 0.000
3157 	 0.000
3158 	 0.020
3159 	 0.000
3160 	 0.010
3161 	 0.020
3162 	 0.000
3163 	 0.020
3164 	 0.020
3165 	 0.010
3166 	 0.010
3167 	 0.020
3168 	 0.000
3169 	 0.010
3170 	 0.000
3171 	 0.010
3172 	 0.000
3174 	 0.000
3175 	 0.010
3176 	 0.010
3177 	 0.000
3179 	 0.000
3180 	 0.020
3181 	 0.000
3182 	 0.010
3183 	 0.000
3186 	 0.000
3187 	 0.010
3188 	 0.000
3191 	 0.000
3192 	 0.010
3193 	 0.010
3194 	 0.010
3195 	 0.010
3196 	 0.000
3197 	 0.010
3198 	 0.020
3199 	 0.000
3200 	 0.010
3201 	 0.010
3202 	 0.020
3203 	 0.010
3204 	 0.010
3205 	 0.010
3206 	 0.000
3207 	 0.000
3208 	 0.020
3209 	 0.000
3210 	 0.000
3211 	 0.010
3212 	 0.000
3213 	 0.010
3214 	 0.000
3215 	 0.010
3216 	 0.000
3217 	 0.000
3218 	 0.020
3219 	 0.000
3221 	 0.000
3222 	 0.010
3223 	 0.000
3226 	 0.000
3227 	 0.020
3228 	 0.000
3229 	 0.000
3230 	 0.010
3231 	 0.010
3232 	 0.000
3233 	 0.000
3234 	 0.020
3235 	 0.000
3236 	 0.000
3237 	 0.010
3238 	 0.000
3239 	 0.010
3240 	 0.000
3241 	 0.010
3242 	 0.010
3243 	 0.000
3245 	 0.000
3246 	 0.010
3247 	 0.000
3255 	 0.000
3256 	 0.020
3257 	 0.000
3258 	 0.010
3259 	 0.000
3266 	 0.000
3267 	 0.020
3268 	 0.010
3269 	 0.000
3273 	 0.000
3274 	 0.020
3275 	 0.010
3276 	 0.000
3283 	 0.000
3284 	 0.010
3285 	 0.010
3286 	 0.000
3288 	 0.000
3289 	 0.010
3290 	 0.000
3294 	 0.000
3295 	 0.030
3296 	 0.000
3297 	 0.000
3298 	 0.020
3299 	 0.010
3300 	 0.000
3302 	 0.000
3303 	 0.010
3304 	 0.000
3305 	 0.010
3306 	 0.000
3307 	 0.010
3308 	 0.000
3309 	 0.000
3310 	 0.010
3311 	 0.000
3312 	 0.020
3313 	 0.020
3314 	 0.000
3315 	 0.010
3316 	 0.000
3319 	 0.000
3320 	 0.010
3321 	 0.000
3322 	 0.000
3323 	 0.010
3324 	 0.000
3325 	 0.010
3326 	 0.000
3328 	 0.000
3329 	 0.010
3330 	 0.010
3331 	 0.000
3335 	 0.000
3336 	 0.030
3337 	 0.010
3338 	 0.000
3339 	 0.010
3340 	 0.000
3342 	 0.000
3343 	 0.020
3344 	 0.010
3345 	 0.000
3346 	 0.010
3347 	 0.000
3348 	 0.010
3349 	 0.020
3350 	 0.020
3351 	 0.000
3352 	 0.010
3353 	 0.000
3357 	 0.000
3358 	 0.010
3359 	 0.010
3360 	 0.000
3362 	 0.000
3363 	 0.010
3364 	 0.010
3365 	 0.010
3366 	 0.000
3367 	 0.000
3368 	 0.010
3369 	 0.020
3370 	 0.000
3371 	 0.010
3372 	 0.000
3378 	 0.000
3379 	 0.010
3380 	 0.000
3385 	 0.000
3386 	 0.010
3387 	 0.010
3388 	 0.010
3389 	 0.000
3391 	 0.000
3392 	 0.010
3393 	 0.000
3394 	 0.010
3395 	 0.000
3399 	 0.000
3400 	 0.010
3401 	 0.000
3404 	 0.000
3405 	 0.020
3406 	 0.000
3410 	 0.000
3411 	 0.020
3412 	 0.000
3415 	 0.000
3416 	 0.010
3417 	 0.010
3418 	 0.010
3419 	 0.000
3421 	 0.000
3422 	 0.010
3423 	 0.010
3424 	 0.000
3425 	 0.000
3426 	 0.010
3427 	 0.000
3433 	 0.000
3434 	 0.010
3435 	 0.000
3436 	 0.010
3437 	 0.010
3438 	 0.010
3439 	 0.000
3441 	 0.000
3442 	 0.010
3443 	 0.000
3452 	 0.000
3453 	 0.010
3454 	 0.000
3458 	 0.000
3459 	 0.010
3460 	 0.000
3461 	 0.020
3462 	 0.010
3463 	 0.000
3470 	 0.000
3471 	 0.010
3472 	 0.000
3473 	 0.000
3474 	 0.010
3475 	 0.000
3476 	 0.000
3477 	 0.010
3478 	 0.000
3480 	 0.000
3481 	 0.010
3482 	 0.000
3485 	 0.000
3486 	 0.010
3487 	 0.000
3488 	 0.010
3489 	 0.010
3490 	 0.000
3491 	 0.000
3492 	 0.010
3493 	 0.000
3494 	 0.010
3495 	 0.020
3496 	 0.000
3497 	 0.000
3498 	 0.010
3499 	 0.000
3503 	 0.000
3504 	 0.010
3505 	 0.000
3507 	 0.000
3508 	 0.010
3509 	 0.020
3510 	 0.010
3511 	 0.000
3512 	 0.010
3513 	 0.000
3514 	 0.000
3515 	 0.010
3516 	 0.000
3521 	 0.000
3522 	 0.010
3523 	 0.000
3536 	 0.000
3537 	 0.010
3538 	 0.010
3539 	 0.000
3543 	 0.000
3544 	 0.010
3545 	 0.000
3554 	 0.000
3555 	 0.010
3556 	 0.000
3560 	 0.000
3561 	 0.010
3562 	 0.000
3563 	 0.010
3564 	 0.000
3565 	 0.010
3566 	 0.000
3567 	 0.000
3568 	 0.010
3569 	 0.000
3573 	 0.000
3574 	 0.010
3575 	 0.000
3576 	 0.000
3577 	 0.010
3578 	 0.000
3579 	 0.010
3580 	 0.000
3581 	 0.000
3582 	 0.010
3583 	 0.000
3590 	 0.000
3591 	 0.010
3592 	 0.000
3601 	 0.000
3602 	 0.010
3603 	 0.000
3604 	 0.010
3605 	 0.000
3608 	 0.000
3609 	 0.020
3610 	 0.000
3613 	 0.000
3614 	 0.010
3615 	 0.000
3618 	 0.000
3619 	 0.010
3620 	 0.000
3630 	 0.000
3631 	 0.010
3632 	 0.000
3633 	 0.000
3634 	 0.010
3635 	 0.000
3637 	 0.000
3638 	 0.010
3639 	 0.010
3640 	 0.000
3641 	 0.000
3642 	 0.010
3643 	 0.000
3653 	 0.000
3654 	 0.010
3655 	 0.000
3659 	 0.000
3660 	 0.010
3661 	 0.000
3664 	 0.000
3665 	 0.020
3666 	 0.000
3670 	 0.000
3671 	 0.010
3672 	 0.010
3673 	 0.000
3678 	 0.000
3679 	 0.010
3680 	 0.000
3681 	 0.010
3682 	 0.000
3685 	 0.000
3686 	 0.030
3687 	 0.000
3688 	 0.010
3689 	 0.000
3701 	 0.000
3702 	 0.010
3703 	 0.000
3705 	 0.000
3706 	 0.010
3707 	 0.000
3708 	 0.000
3709 	 0.010
3710 	 0.000
3714 	 0.000
3715 	 0.010
3716 	 0.000
3717 	 0.000
3718 	 0.010
3719 	 0.000
3725 	 0.000
3726 	 0.010
3727 	 0.000
3731 	 0.000
3732 	 0.010
3733 	 0.000
3741 	 0.000
3742 	 0.010
3743 	 0.000
3745 	 0.000
3746 	 0.010
3747 	 0.010
3748 	 0.000
3773 	 0.000
3774 	 0.010
3775 	 0.000
3780 	 0.000
3781 	 0.010
3782 	 0.000
3785 	 0.000
3786 	 0.010
3787 	 0.000
3788 	 0.000
3789 	 0.010
3790 	 0.000
3792 	 0.000
3793 	 0.020
3794 	 0.000
3801 	 0.000
3802 	 0.020
3803 	 0.000
3810 	 0.000
3811 	 0.010
3812 	 0.000
3823 	 0.000
3824 	 0.010
3825 	 0.000
3829 	 0.000
3830 	 0.010
3831 	 0.000
3832 	 0.000
3833 	 0.010
3834 	 0.010
3835 	 0.000
3836 	 0.000
3837 	 0.010
3838 	 0.000
3839 	 0.010
3840 	 0.000
3846 	 0.000
3847 	 0.010
3848 	 0.000
3849 	 0.000
3850 	 0.010
3851 	 0.000
3854 	 0.000
3855 	 0.010
3856 	 0.000
3857 	 0.000
3858 	 0.010
3859 	 0.000
3864 	 0.000
3865 	 0.010
3866 	 0.010
3867 	 0.000
3870 	 0.000
3871 	 0.010
3872 	 0.000
3881 	 0.000
3882 	 0.010
3883 	 0.000
3891 	 0.000
3892 	 0.010
3893 	 0.000
3894 	 0.000
3895 	 0.020
3896 	 0.000
3900 	 0.000
3901 	 0.010
3902 	 0.000
3905 	 0.000
3906 	 0.010
3907 	 0.000
3927 	 0.000
3928 	 0.010
3929 	 0.010
3930 	 0.000
3931 	 0.010
3932 	 0.000
3941 	 0.000
3942 	 0.010
3943 	 0.000
3954 	 0.000
3955 	 0.010
3956 	 0.000
3957 	 0.010
3958 	 0.000
3959 	 0.020
3960 	 0.000
3961 	 0.010
3962 	 0.000
3964 	 0.000
3965 	 0.010
3966 	 0.000
3969 	 0.000
3970 	 0.010
3971 	 0.000
3972 	 0.000
3973 	 0.010
3974 	 0.000
3979 	 0.000
3980 	 0.010
3981 	 0.000
3983 	 0.000
3984 	 0.010
3985 	 0.000
3986 	 0.000
3987 	 0.010
3988 	 0.000
3990 	 0.000
3991 	 0.010
3992 	 0.010
3993 	 0.000
3996 	 0.000
3997 	 0.010
3998 	 0.000
3999 	 0.010
4000 	 0.000
4008 	 0.000
4009 	 0.010
4010 	 0.010
4011 	 0.000
4030 	 0.000
4031 	 0.010
4032 	 0.000
4036 	 0.000
4037 	 0.010
4038 	 0.000
4043 	 0.000
4044 	 0.020
4045 	 0.000
4052 	 0.000
4053 	 0.010
4054 	 0.000
4057 	 0.000
4058 	 0.010
4059 	 0.000
4062 	 0.000
4063 	 0.010
4064 	 0.000
4088 	 0.000
4089 	 0.010
4090 	 0.000
4105 	 0.000
4106 	 0.020
4107 	 0.000
4113 	 0.000
4114 	 0.010
4115 	 0.000
4138 	 0.000
4139 	 0.010
4140 	 0.010
4141 	 0.000
4155 	 0.000
4156 	 0.010
4157 	 0.000
4177 	 0.000
4178 	 0.010
4179 	 0.000
4180 	 0.000
4181 	 0.010
4182 	 0.000
4183 	 0.000
4184 	 0.010
4185 	 0.010
4186 	 0.010
4187 	 0.000
4188 	 0.010
4189 	 0.000
4190 	 0.010
4191 	 0.000
4214 	 0.000
4215 	 0.010
4216 	 0.000
4222 	 0.000
4223 	 0.010
4224 	 0.000
4225 	 0.000
4226 	 0.010
4227 	 0.000
4242 	 0.000
4243 	 0.010
4244 	 0.000
4245 	 0.000
4246 	 0.010
4247 	 0.000
4248 	 0.000
4249 	 0.010
4250 	 0.000
4252 	 0.000
4253 	 0.020
4254 	 0.000
4256 	 0.000
4257 	 0.010
4258 	 0.000
4267 	 0.000
4268 	 0.010
4269 	 0.000
4270 	 0.010
4271 	 0.000
4275 	 0.000
4276 	 0.010
4277 	 0.000
4295 	 0.000
4296 	 0.010
4297 	 0.000
4309 	 0.000
4310 	 0.010
4311 	 0.000
4319 	 0.000
4320 	 0.010
4321 	 0.000
4322 	 0.010
4323 	 0.000
4350 	 0.000
4351 	 0.010
4352 	 0.000
4358 	 0.000
4359 	 0.010
4360 	 0.000
4362 	 0.000
4363 	 0.010
4364 	 0.030
4365 	 0.000
4366 	 0.000
4367 	 0.010
4368 	 0.000
4369 	 0.010
4370 	 0.000
4375 	 0.000
4376 	 0.010
4377 	 0.010
4378 	 0.000
4388 	 0.000
4389 	 0.010
4390 	 0.010
4391 	 0.000
4393 	 0.000
4394 	 0.010
4395 	 0.000
4422 	 0.000
4423 	 0.010
4424 	 0.000
4425 	 0.000
4426 	 0.010
4427 	 0.000
4460 	 0.000
4461 	 0.010
4462 	 0.000
4475 	 0.000
4476 	 0.010
4477 	 0.000
4478 	 0.000
4479 	 0.010
4480 	 0.000
4484 	 0.000
4485 	 0.010
4486 	 0.000
4493 	 0.000
4494 	 0.010
4495 	 0.000
4496 	 0.010
4497 	 0.000
4514 	 0.000
4515 	 0.010
4516 	 0.000
4517 	 0.020
4518 	 0.010
4519 	 0.000
4530 	 0.000
4531 	 0.010
4532 	 0.000
4545 	 0.000
4546 	 0.010
4547 	 0.000
4558 	 0.000
4559 	 0.010
4560 	 0.000
4573 	 0.000
4574 	 0.010
4575 	 0.000
4581 	 0.000
4582 	 0.010
4583 	 0.000
4595 	 0.000
4596 	 0.010
4597 	 0.000
4610 	 0.000
4611 	 0.010
4612 	 0.000
4616 	 0.000
4617 	 0.010
4618 	 0.000
4619 	 0.010
4620 	 0.000
4643 	 0.000
4644 	 0.010
4645 	 0.000
4662 	 0.000
4663 	 0.010
4664 	 0.000
4670 	 0.000
4671 	 0.010
4672 	 0.000
4690 	 0.000
4691 	 0.010
4692 	 0.000
4695 	 0.000
4696 	 0.010
4697 	 0.000
4698 	 0.020
4699 	 0.000
4705 	 0.000
4706 	 0.010
4707 	 0.010
4708 	 0.000
4714 	 0.000
4715 	 0.010
4716 	 0.000
4722 	 0.000
4723 	 0.010
4724 	 0.000
4725 	 0.000
4726 	 0.010
4727 	 0.000
4740 	 0.000
4741 	 0.010
4742 	 0.000
4757 	 0.000
4758 	 0.010
4759 	 0.010
4760 	 0.010
4761 	 0.000
4763 	 0.000
4764 	 0.010
4765 	 0.000
4766 	 0.000
4767 	 0.010
4768 	 0.000
4775 	 0.000
4776 	 0.010
4777 	 0.000
4786 	 0.000
4787 	 0.010
4788 	 0.000
4811 	 0.000
4812 	 0.010
4813 	 0.000
4827 	 0.000
4828 	 0.010
4829 	 0.000
4846 	 0.000
4847 	 0.010
4848 	 0.000
4854 	 0.000
4855 	 0.010
4856 	 0.000
4866 	 0.000
4867 	 0.020
4868 	 0.000
4888 	 0.000
4889 	 0.010
4890 	 0.000
4914 	 0.000
4915 	 0.020
4916 	 0.000
4923 	 0.000
4924 	 0.010
4925 	 0.000
4928 	 0.000
4929 	 0.010
4930 	 0.000
4931 	 0.000
4932 	 0.010
4933 	 0.000
4935 	 0.000
4936 	 0.010
4937 	 0.000
4938 	 0.010
4939 	 0.000
4954 	 0.000
4955 	 0.010
4956 	 0.000
4972 	 0.000
4973 	 0.010
4974 	 0.000
4980 	 0.000
4981 	 0.010
4982 	 0.000
4984 	 0.000
4985 	 0.020
4986 	 0.000
4988 	 0.000
4989 	 0.010
4990 	 0.000
5027 	 0.000
5028 	 0.010
5029 	 0.000
5034 	 0.000
5035 	 0.010
5036 	 0.000
5051 	 0.000
5052 	 0.010
5053 	 0.000
5056 	 0.000
5057 	 0.010
5058 	 0.000
5076 	 0.000
5077 	 0.010
5078 	 0.000
5083 	 0.000
5084 	 0.010
5085 	 0.000
5109 	 0.000
5110 	 0.010
5111 	 0.000
5138 	 0.000
5139 	 0.010
5140 	 0.000
5161 	 0.000
5162 	 0.010
5163 	 0.000
5190 	 0.000
5191 	 0.010
5192 	 0.000
5207 	 0.000
5208 	 0.010
5209 	 0.000
5229 	 0.000
5230 	 0.010
5231 	 0.000
5236 	 0.000
5237 	 0.010
5238 	 0.000
5249 	 0.000
5250 	 0.010
5251 	 0.000
5266 	 0.000
5267 	 0.010
5268 	 0.000
5273 	 0.000
5274 	 0.010
5275 	 0.000
5282 	 0.000
5283 	 0.010
5284 	 0.000
5291 	 0.000
5292 	 0.010
5293 	 0.000
5317 	 0.000
5318 	 0.010
5319 	 0.000
5322 	 0.000
5323 	 0.010
5324 	 0.000
5362 	 0.000
5363 	 0.010
5364 	 0.000
5368 	 0.000
5369 	 0.010
5370 	 0.000
5381 	 0.000
5382 	 0.010
5383 	 0.000
5451 	 0.000
5452 	 0.010
5453 	 0.000
5472 	 0.000
5473 	 0.010
5474 	 0.000
5488 	 0.000
5489 	 0.010
5490 	 0.000
5523 	 0.000
5524 	 0.010
5525 	 0.000
5530 	 0.000
5531 	 0.010
5532 	 0.000
5569 	 0.000
5570 	 0.010
5571 	 0.000
5591 	 0.000
5592 	 0.010
5593 	 0.000
5594 	 0.010
5595 	 0.000
5596 	 0.010
5597 	 0.000
5629 	 0.000
5630 	 0.010
5631 	 0.000
5641 	 0.000
5642 	 0.010
5643 	 0.000
5669 	 0.000
5670 	 0.010
5671 	 0.000
5705 	 0.000
5706 	 0.010
5707 	 0.000
5766 	 0.000
5767 	 0.010
5768 	 0.000
5830 	 0.000
5831 	 0.010
5832 	 0.000
5835 	 0.000
5836 	 0.010
5837 	 0.000
5931 	 0.000
5932 	 0.010
5933 	 0.000
5957 	 0.000
5958 	 0.010
5959 	 0.000
6007 	 0.000
6008 	 0.010
6009 	 0.000
6052 	 0.000
6053 	 0.010
6054 	 0.010
6055 	 0.000
6057 	 0.000
6058 	 0.010
6059 	 0.000
6073 	 0.000
6074 	 0.010
6075 	 0.000
6128 	 0.000
6129 	 0.010
6130 	 0.000
6150 	 0.000
6151 	 0.010
6152 	 0.000
6166 	 0.000
6167 	 0.010
6168 	 0.000
6176 	 0.000
6177 	 0.010
6178 	 0.000
6250 	 0.000
6251 	 0.010
6252 	 0.000
6256 	 0.000
6257 	 0.010
6258 	 0.000
6358 	 0.000
6359 	 0.010
6360 	 0.000
6371 	 0.000
6372 	 0.010
6373 	 0.000
6526 	 0.000
6527 	 0.010
6528 	 0.000
6555 	 0.000
6556 	 0.010
6557 	 0.000
6573 	 0.000
6574 	 0.010
6575 	 0.000
6766 	 0.000
6767 	 0.010
6768 	 0.000
6885 	 0.000
6886 	 0.010
6887 	 0.000
6955 	 0.000
6956 	 0.010
6957 	 0.000
6958 	 0.000
6959 	 0.010
6960 	 0.000
7078 	 0.000
7079 	 0.010
7080 	 0.000
7118 	 0.000
7119 	 0.010
7120 	 0.000
7169 	 0.000
7170 	 0.010
7171 	 0.000
7194 	 0.000
7195 	 0.010
7196 	 0.000
7460 	 0.000
7461 	 0.010
7462 	 0.000
7867 	 0.000
7868 	 0.010
7869 	 0.000
7919 	 0.000
7920 	 0.010
7921 	 0.000
8357 	 0.000
8358 	 0.010
8359 	 0.000
8985 	 0.000
8986 	 0.010
8987 	 0.000
9090 	 0.000
9091 	 0.010
9092 	 0.000
9352 	 0.000
9353 	 0.010
9354 	 0.000
10293 	 0.000
10294 	 0.010
10295 	 0.000
