# Xorshift64* seed is 16897472044118989811
# Matrix size is 1000 x 1000
# Probability of a cell to be non-empty is 50.000000%
# Collecting statistics over 100 iterations
# Size Count CountPerIteration
1 	 9991.650
2 	 3206.100
3 	 1686.970
4 	 1046.550
5 	 702.540
6 	 515.320
7 	 387.290
8 	 310.000
9 	 250.780
10 	 206.210
11 	 171.270
12 	 144.390
13 	 125.450
14 	 110.140
15 	 96.870
16 	 83.190
17 	 75.250
18 	 67.170
19 	 61.350
20 	 56.070
21 	 49.280
22 	 45.390
23 	 41.820
24 	 39.020
25 	 35.560
26 	 32.660
27 	 31.220
28 	 27.990
29 	 26.830
30 	 24.850
31 	 23.770
32 	 22.030
33 	 21.620
34 	 19.280
35 	 18.850
36 	 17.420
37 	 16.480
38 	 15.020
39 	 15.110
40 	 14.570
41 	 13.690
42 	 12.780
43 	 12.640
44 	 11.740
45 	 11.090
46 	 10.700
47 	 9.410
48 	 9.530
49 	 9.400
50 	 9.130
51 	 8.600
52 	 8.300
53 	 8.080
54 	 7.660
55 	 7.700
56 	 7.030
57 	 7.290
58 	 6.510
59 	 6.750
60 	 6.710
61 	 6.080
62 	 6.180
63 	 5.460
64 	 5.950
65 	 5.270
66 	 5.360
67 	 4.700
68 	 4.880
69 	 5.040
70 	 4.340
71 	 4.680
72 	 4.660
73 	 4.190
74 	 4.290
75 	 4.280
76 	 4.040
77 	 4.050
78 	 3.830
79 	 3.500
80 	 3.390
81 	 3.800
82 	 3.460
83 	 3.530
84 	 2.940
85 	 3.350
86 	 3.110
87 	 2.780
88 	 2.690
89 	 2.910
90 	 2.760
91 	 2.990
92 	 3.110
93 	 2.720
94 	 2.500
95 	 2.810
96 	 2.700
97 	 2.230
98 	 2.420
99 	 2.320
100 	 2.250
101 	 2.220
102 	 2.560
103 	 2.120
104 	 2.030
105 	 2.030
106 	 2.380
107 	 2.110
108 	 1.890
109 	 1.930
110 	 2.150
111 	 1.610
112 	 1.860
113 	 1.590
114 	 1.690
115 	 1.580
116 	 1.660
117 	 1.970
118 	 1.590
119 	 1.670
120 	 1.800
121 	 1.670
122 	 1.370
123 	 1.360
124 	 1.550
125 	 1.600
126 	 1.640
127 	 1.340
128 	 1.380
129 	 1.450
130 	 1.290
131 	 1.410
132 	 1.270
133 	 1.210
134 	 1.180
135 	 1.260
136 	 1.250
137 	 1.330
138 	 1.230
139 	 1.200
140 	 1.030
141 	 1.340
142 	 1.220
143 	 1.140
144 	 1.040
145 	 1.230
146 	 1.040
147 	 1.170
148 	 1.070
149 	 1.100
150 	 1.070
151 	 0.910
152 	 1.200
153 	 1.080
154 	 0.940
155 	 1.020
156 	 1.000
157 	 0.950
158 	 0.890
159 	 0.950
160 	 0.770
161 	 1.050
162 	 0.910
163 	 0.910
164 	 0.900
165 	 0.890
166 	 0.830
167 	 0.720
168 	 0.760
169 	 0.690
170 	 0.620
171 	 0.850
172 	 0.670
173 	 0.790
174 	 0.690
175 	 0.730
176 	 0.740
177 	 0.720
178 	 0.890
179 	 0.580
180 	 0.710
181 	 0.840
182 	 0.590
183 	 0.620
184 	 0.720
185 	 0.610
186 	 0.660
187 	 0.590
188 	 0.490
189 	 0.730
190 	 0.690
191 	 0.780
192 	 0.610
193 	 0.570
194 	 0.590
195 	 0.570
196 	 0.640
197 	 0.720
198 	 0.640
199 	 0.530
200 	 0.620
201 	 0.500
202 	 0.450
203 	 0.630
204 	 0.530
205 	 0.540
206 	 0.530
207 	 0.400
208 	 0.530
209 	 0.480
210 	 0.520
211 	 0.580
212 	 0.510
213 	 0.490
214 	 0.460
215 	 0.550
216 	 0.510
217 	 0.410
218 	 0.490
219 	 0.480
220 	 0.580
221 	 0.540
222 	 0.410
223 	 0.380
224 	 0.430
225 	 0.500
226 	 0.480
227 	 0.580
228 	 0.480
229 	 0.570
230 	 0.580
231 	 0.480
232 	 0.420
233 	 0.490
234 	 0.470
235 	 0.400
236 	 0.350
237 	 0.350
238 	 0.450
239 	 0.400
240 	 0.540
241 	 0.420
242 	 0.360
243 	 0.330
244 	 0.410
245 	 0.410
246 	 0.380
247 	 0.330
248 	 0.390
249 	 0.380
250 	 0.250
251 	 0.440
252 	 0.460
253 	 0.390
254 	 0.350
255 	 0.330
256 	 0.540
257 	 0.300
258 	 0.460
259 	 0.310
260 	 0.300
261 	 0.360
262 	 0.420
263 	 0.270
264 	 0.280
265 	 0.260
266 	 0.340
267 	 0.220
268 	 0.380
269 	 0.330
270 	 0.340
271 	 0.350
272 	 0.250
273 	 0.280
274 	 0.340
275 	 0.340
276 	 0.270
277 	 0.290
278 	 0.400
279 	 0.320
280 	 0.320
281 	 0.310
282 	 0.360
283 	 0.330
284 	 0.270
285 	 0.290
286 	 0.360
287 	 0.440
288 	 0.230
289 	 0.270
290 	 0.260
291 	 0.460
292 	 0.270
293 	 0.310
294 	 0.260
295 	 0.340
296 	 0.290
297 	 0.370
298 	 0.280
299 	 0.210
300 	 0.190
301 	 0.230
302 	 0.270
303 	 0.320
304 	 0.170
305 	 0.300
306 	 0.300
307 	 0.200
308 	 0.180
309 	 0.190
310 	 0.240
311 	 0.310
312 	 0.280
313 	 0.200
314 	 0.230
315 	 0.220
316 	 0.250
317 	 0.290
318 	 0.290
319 	 0.290
320 	 0.150
321 	 0.220
322 	 0.230
323 	 0.240
324 	 0.270
325 	 0.230
326 	 0.150
327 	 0.250
328 	 0.260
329 	 0.280
330 	 0.280
331 	 0.180
332 	 0.210
333 	 0.200
334 	 0.300
335 	 0.250
336 	 0.230
337 	 0.190
338 	 0.320
339 	 0.190
340 	 0.170
341 	 0.220
342 	 0.220
343 	 0.190
344 	 0.220
345 	 0.140
346 	 0.160
347 	 0.270
348 	 0.280
349 	 0.190
350 	 0.170
351 	 0.200
352 	 0.240
353 	 0.250
354 	 0.200
355 	 0.190
356 	 0.270
357 	 0.120
358 	 0.190
359 	 0.190
360 	 0.170
361 	 0.170
362 	 0.170
363 	 0.210
364 	 0.070
365 	 0.230
366 	 0.160
367 	 0.260
368 	 0.130
369 	 0.220
370 	 0.150
371 	 0.140
372 	 0.230
373 	 0.160
374 	 0.190
375 	 0.200
376 	 0.160
377 	 0.110
378 	 0.220
379 	 0.210
380 	 0.160
381 	 0.190
382 	 0.190
383 	 0.210
384 	 0.160
385 	 0.180
386 	 0.190
387 	 0.170
388 	 0.170
389 	 0.140
390 	 0.120
391 	 0.200
392 	 0.150
393 	 0.150
394 	 0.120
395 	 0.150
396 	 0.130
397 	 0.130
398 	 0.140
399 	 0.100
400 	 0.050
401 	 0.100
402 	 0.130
403 	 0.120
404 	 0.200
405 	 0.180
406 	 0.170
407 	 0.190
408 	 0.190
409 	 0.110
410 	 0.200
411 	 0.170
412 	 0.120
413 	 0.150
414 	 0.090
415 	 0.130
416 	 0.080
417 	 0.120
418 	 0.160
419 	 0.120
420 	 0.210
421 	 0.120
422 	 0.090
423 	 0.120
424 	 0.110
425 	 0.140
426 	 0.110
427 	 0.180
428 	 0.120
429 	 0.170
430 	 0.090
431 	 0.190
432 	 0.090
433 	 0.180
434 	 0.150
435 	 0.180
436 	 0.200
437 	 0.120
438 	 0.120
439 	 0.130
440 	 0.130
441 	 0.090
442 	 0.080
443 	 0.110
444 	 0.110
445 	 0.110
446 	 0.080
447 	 0.160
448 	 0.110
449 	 0.140
450 	 0.130
451 	 0.070
452 	 0.080
453 	 0.100
454 	 0.170
455 	 0.060
456 	 0.120
457 	 0.130
458 	 0.100
459 	 0.120
460 	 0.090
461 	 0.080
462 	 0.110
463 	 0.070
464 	 0.080
465 	 0.140
466 	 0.070
467 	 0.090
468 	 0.100
469 	 0.160
470 	 0.160
471 	 0.130
472 	 0.120
473 	 0.120
474 	 0.080
475 	 0.200
476 	 0.110
477 	 0.080
478 	 0.100
479 	 0.090
480 	 0.110
481 	 0.110
482 	 0.080
483 	 0.100
484 	 0.050
485 	 0.120
486 	 0.080
487 	 0.130
488 	 0.060
489 	 0.120
490 	 0.060
491 	 0.060
492 	 0.070
493 	 0.140
494 	 0.070
495 	 0.070
496 	 0.110
497 	 0.110
498 	 0.150
499 	 0.090
500 	 0.080
501 	 0.070
502 	 0.120
503 	 0.070
504 	 0.090
505 	 0.130
506 	 0.120
507 	 0.060
508 	 0.070
509 	 0.080
510 	 0.150
511 	 0.140
512 	 0.040
513 	 0.090
514 	 0.080
515 	 0.060
516 	 0.060
517 	 0.060
518 	 0.120
519 	 0.100
520 	 0.100
521 	 0.040
522 	 0.080
523 	 0.050
524 	 0.070
525 	 0.120
526 	 0.120
527 	 0.100
528 	 0.150
529 	 0.070
530 	 0.080
531 	 0.060
532 	 0.080
533 	 0.120
534 	 0.100
535 	 0.060
536 	 0.090
537 	 0.100
538 	 0.040
539 	 0.150
540 	 0.060
541 	 0.060
542 	 0.080
543 	 0.060
544 	 0.060
545 	 0.080
546 	 0.080
547 	 0.130
548 	 0.060
549 	 0.030
550 	 0.100
551 	 0.110
552 	 0.080
553 	 0.060
554 	 0.100
555 	 0.070
556 	 0.090
557 	 0.050
558 	 0.060
559 	 0.080
560 	 0.090
561 	 0.070
562 	 0.080
563 	 0.070
564 	 0.130
565 	 0.090
566 	 0.040
567 	 0.070
568 	 0.030
569 	 0.080
570 	 0.110
571 	 0.090
572 	 0.080
573 	 0.050
574 	 0.080
575 	 0.060
576 	 0.050
577 	 0.050
578 	 0.120
579 	 0.030
580 	 0.080
581 	 0.110
582 	 0.120
583 	 0.100
584 	 0.090
585 	 0.090
586 	 0.040
587 	 0.120
588 	 0.050
589 	 0.070
590 	 0.050
591 	 0.050
592 	 0.070
593 	 0.070
594 	 0.070
595 	 0.050
596 	 0.040
597 	 0.100
598 	 0.050
599 	 0.110
600 	 0.050
601 	 0.090
602 	 0.060
603 	 0.080
604 	 0.060
605 	 0.090
606 	 0.040
607 	 0.110
608 	 0.010
609 	 0.050
610 	 0.020
611 	 0.110
612 	 0.040
613 	 0.080
614 	 0.050
615 	 0.050
616 	 0.070
617 	 0.060
618 	 0.080
619 	 0.080
620 	 0.050
621 	 0.090
622 	 0.050
623 	 0.090
624 	 0.040
625 	 0.030
626 	 0.090
627 	 0.070
628 	 0.030
629 	 0.100
630 	 0.020
631 	 0.050
632 	 0.050
633 	 0.050
634 	 0.040
635 	 0.050
636 	 0.070
637 	 0.040
638 	 0.060
639 	 0.050
640 	 0.090
641 	 0.070
642 	 0.050
643 	 0.080
644 	 0.070
645 	 0.050
646 	 0.070
647 	 0.050
648 	 0.060
649 	 0.070
650 	 0.030
651 	 0.050
652 	 0.080
653 	 0.070
654 	 0.070
655 	 0.070
656 	 0.100
657 	 0.050
658 	 0.020
659 	 0.060
660 	 0.050
661 	 0.050
662 	 0.070
663 	 0.080
664 	 0.070
665 	 0.040
666 	 0.060
667 	 0.020
668 	 0.090
669 	 0.050
670 	 0.070
671 	 0.030
672 	 0.030
673 	 0.030
674 	 0.040
675 	 0.030
676 	 0.110
677 	 0.060
678 	 0.070
679 	 0.020
680 	 0.080
681 	 0.070
682 	 0.020
683 	 0.070
684 	 0.070
685 	 0.040
686 	 0.080
687 	 0.040
688 	 0.040
689 	 0.050
690 	 0.050
691 	 0.040
692 	 0.040
693 	 0.040
694 	 0.090
695 	 0.040
696 	 0.050
697 	 0.060
698 	 0.070
699 	 0.020
700 	 0.050
701 	 0.080
702 	 0.050
703 	 0.030
704 	 0.040
705 	 0.040
706 	 0.050
707 	 0.030
708 	 0.060
709 	 0.020
710 	 0.050
711 	 0.070
712 	 0.030
713 	 0.020
714 	 0.060
715 	 0.050
716 	 0.010
717 	 0.040
718 	 0.070
719 	 0.040
720 	 0.030
721 	 0.000
722 	 0.040
723 	 0.010
724 	 0.030
725 	 0.050
726 	 0.060
727 	 0.110
728 	 0.040
729 	 0.080
730 	 0.030
731 	 0.070
732 	 0.040
733 	 0.060
734 	 0.030
735 	 0.010
736 	 0.010
737 	 0.100
738 	 0.060
739 	 0.040
740 	 0.020
741 	 0.030
742 	 0.070
743 	 0.030
744 	 0.030
745 	 0.010
746 	 0.030
747 	 0.050
748 	 0.030
749 	 0.060
750 	 0.060
751 	 0.040
752 	 0.020
753 	 0.050
754 	 0.030
755 	 0.080
756 	 0.060
757 	 0.030
758 	 0.060
759 	 0.080
760 	 0.030
761 	 0.050
762 	 0.020
763 	 0.070
764 	 0.050
765 	 0.030
766 	 0.060
767 	 0.040
768 	 0.080
769 	 0.030
770 	 0.000
771 	 0.040
772 	 0.010
773 	 0.050
774 	 0.060
775 	 0.050
776 	 0.020
777 	 0.040
778 	 0.090
779 	 0.030
780 	 0.030
781 	 0.060
782 	 0.040
783 	 0.050
784 	 0.040
785 	 0.050
786 	 0.050
787 	 0.050
788 	 0.010
789 	 0.060
790 	 0.060
791 	 0.010
792 	 0.030
793 	 0.030
794 	 0.040
795 	 0.050
796 	 0.030
797 	 0.030
798 	 0.050
799 	 0.030
800 	 0.010
801 	 0.020
802 	 0.020
803 	 0.010
804 	 0.040
805 	 0.020
806 	 0.040
807 	 0.030
808 	 0.040
809 	 0.070
810 	 0.030
811 	 0.040
812 	 0.020
813 	 0.040
814 	 0.030
815 	 0.000
816 	 0.020
817 	 0.020
818 	 0.040
819 	 0.040
820 	 0.050
821 	 0.030
822 	 0.020
823 	 0.060
824 	 0.030
825 	 0.070
826 	 0.050
827 	 0.090
828 	 0.010
829 	 0.030
830 	 0.030
831 	 0.030
832 	 0.040
833 	 0.040
834 	 0.050
835 	 0.020
836 	 0.070
837 	 0.030
838 	 0.040
839 	 0.040
840 	 0.030
841 	 0.050
842 	 0.030
843 	 0.060
844 	 0.050
845 	 0.030
846 	 0.040
847 	 0.010
848 	 0.030
849 	 0.020
850 	 0.020
851 	 0.010
852 	 0.020
853 	 0.060
854 	 0.010
855 	 0.010
856 	 0.030
857 	 0.030
858 	 0.020
859 	 0.030
860 	 0.020
861 	 0.050
862 	 0.010
863 	 0.020
864 	 0.020
865 	 0.030
866 	 0.040
867 	 0.010
868 	 0.040
869 	 0.030
870 	 0.040
871 	 0.050
872 	 0.020
873 	 0.070
874 	 0.040
875 	 0.010
876 	 0.030
877 	 0.060
878 	 0.050
879 	 0.050
880 	 0.030
881 	 0.040
882 	 0.010
883 	 0.040
884 	 0.010
885 	 0.040
886 	 0.020
887 	 0.050
888 	 0.020
889 	 0.050
890 	 0.020
891 	 0.040
892 	 0.030
893 	 0.010
894 	 0.030
895 	 0.050
896 	 0.030
897 	 0.030
898 	 0.030
899 	 0.010
900 	 0.070
901 	 0.020
902 	 0.020
903 	 0.010
904 	 0.010
905 	 0.030
906 	 0.050
907 	 0.010
908 	 0.070
909 	 0.020
910 	 0.030
911 	 0.030
912 	 0.020
913 	 0.020
914 	 0.010
915 	 0.000
916 	 0.030
917 	 0.040
918 	 0.030
919 	 0.030
920 	 0.020
921 	 0.020
922 	 0.050
923 	 0.030
924 	 0.010
925 	 0.030
926 	 0.040
927 	 0.010
928 	 0.060
929 	 0.020
930 	 0.010
931 	 0.050
932 	 0.060
933 	 0.010
934 	 0.020
935 	 0.020
936 	 0.050
937 	 0.010
938 	 0.040
939 	 0.020
940 	 0.030
941 	 0.050
942 	 0.040
943 	 0.050
944 	 0.030
945 	 0.040
946 	 0.040
947 	 0.030
948 	 0.040
949 	 0.020
950 	 0.010
951 	 0.010
952 	 0.040
953 	 0.020
954 	 0.040
955 	 0.030
956 	 0.030
957 	 0.020
958 	 0.030
959 	 0.040
960 	 0.030
961 	 0.040
962 	 0.050
963 	 0.040
964 	 0.040
965 	 0.020
966 	 0.020
967 	 0.030
968 	 0.000
969 	 0.040
970 	 0.020
971 	 0.060
972 	 0.000
973 	 0.020
974 	 0.040
975 	 0.030
976 	 0.050
977 	 0.020
978 	 0.020
979 	 0.030
980 	 0.050
981 	 0.030
982 	 0.030
983 	 0.020
984 	 0.040
985 	 0.040
986 	 0.030
987 	 0.020
988 	 0.060
989 	 0.030
990 	 0.020
991 	 0.020
992 	 0.030
993 	 0.030
994 	 0.010
995 	 0.020
996 	 0.050
997 	 0.030
998 	 0.020
999 	 0.010
1000 	 0.030
1001 	 0.010
1002 	 0.020
1003 	 0.020
1004 	 0.010
1005 	 0.030
1006 	 0.040
1007 	 0.010
1008 	 0.010
1009 	 0.000
1010 	 0.040
1011 	 0.010
1012 	 0.020
1013 	 0.030
1014 	 0.040
1015 	 0.020
1016 	 0.020
1017 	 0.050
1018 	 0.020
1019 	 0.010
1020 	 0.020
1021 	 0.010
1022 	 0.010
1023 	 0.040
1024 	 0.040
1025 	 0.020
1026 	 0.050
1027 	 0.020
1028 	 0.020
1029 	 0.040
1030 	 0.060
1031 	 0.080
1032 	 0.030
1033 	 0.050
1034 	 0.040
1035 	 0.050
1036 	 0.000
1037 	 0.020
1038 	 0.030
1039 	 0.050
1040 	 0.030
1041 	 0.040
1042 	 0.030
1043 	 0.010
1044 	 0.000
1045 	 0.010
1046 	 0.030
1047 	 0.050
1048 	 0.040
1049 	 0.030
1050 	 0.020
1051 	 0.000
1052 	 0.030
1053 	 0.040
1054 	 0.000
1055 	 0.010
1056 	 0.010
1057 	 0.050
1058 	 0.010
1059 	 0.040
1060 	 0.020
1061 	 0.040
1062 	 0.010
1063 	 0.010
1064 	 0.010
1065 	 0.040
1066 	 0.020
1067 	 0.040
1068 	 0.020
1069 	 0.060
1070 	 0.010
1071 	 0.020
1072 	 0.030
1073 	 0.040
1074 	 0.010
1075 	 0.000
1077 	 0.000
1078 	 0.020
1079 	 0.000
1080 	 0.050
1081 	 0.030
1082 	 0.020
1083 	 0.010
1084 	 0.020
1085 	 0.020
1086 	 0.040
1087 	 0.060
1088 	 0.000
1089 	 0.010
1090 	 0.030
1091 	 0.040
1092 	 0.020
1093 	 0.030
1094 	 0.020
1095 	 0.010
1096 	 0.020
1097 	 0.040
1098 	 0.010
1099 	 0.060
1100 	 0.060
1101 	 0.020
1102 	 0.000
1103 	 0.070
1104 	 0.000
1105 	 0.030
1106 	 0.010
1107 	 0.020
1108 	 0.010
1109 	 0.050
1110 	 0.010
1111 	 0.010
1112 	 0.020
1113 	 0.020
1114 	 0.030
1115 	 0.010
1116 	 0.010
1117 	 0.000
1119 	 0.000
1120 	 0.010
1121 	 0.010
1122 	 0.000
1123 	 0.010
1124 	 0.010
1125 	 0.020
1126 	 0.020
1127 	 0.050
1128 	 0.020
1129 	 0.020
1130 	 0.030
1131 	 0.030
1132 	 0.010
1133 	 0.010
1134 	 0.020
1135 	 0.000
1136 	 0.030
1137 	 0.040
1138 	 0.010
1139 	 0.020
1140 	 0.000
1141 	 0.040
1142 	 0.030
1143 	 0.050
1144 	 0.030
1145 	 0.020
1146 	 0.020
1147 	 0.020
1148 	 0.000
1149 	 0.030
1150 	 0.010
1151 	 0.030
1152 	 0.040
1153 	 0.040
1154 	 0.010
1155 	 0.000
1156 	 0.010
1157 	 0.000
1158 	 0.030
1159 	 0.030
1160 	 0.020
1161 	 0.010
1162 	 0.010
1163 	 0.020
1164 	 0.050
1165 	 0.030
1166 	 0.040
1167 	 0.010
1168 	 0.020
1169 	 0.040
1170 	 0.040
1171 	 0.010
1172 	 0.020
1173 	 0.010
1174 	 0.020
1175 	 0.000
1176 	 0.030
1177 	 0.040
1178 	 0.020
1179 	 0.030
1180 	 0.010
1181 	 0.010
1182 	 0.020
1183 	 0.010
1184 	 0.020
1185 	 0.040
1186 	 0.010
1187 	 0.020
1188 	 0.000
1189 	 0.010
1190 	 0.050
1191 	 0.010
1192 	 0.030
1193 	 0.020
1194 	 0.010
1195 	 0.010
1196 	 0.030
1197 	 0.050
1198 	 0.020
1199 	 0.010
1200 	 0.040
1201 	 0.000
1202 	 0.000
1203 	 0.010
1204 	 0.010
1205 	 0.020
1206 	 0.020
1207 	 0.030
1208 	 0.010
1209 	 0.000
1210 	 0.010
1211 	 0.020
1212 	 0.000
1213 	 0.020
1214 	 0.010
1215 	 0.010
1216 	 0.020
1217 	 0.010
1218 	 0.020
1219 	 0.010
1220 	 0.040
1221 	 0.030
1222 	 0.010
1223 	 0.000
1225 	 0.000
1226 	 0.010
1227 	 0.030
1228 	 0.010
1229 	 0.020
1230 	 0.000
1231 	 0.030
1232 	 0.030
1233 	 0.030
1234 	 0.020
1235 	 0.040
1236 	 0.020
1237 	 0.020
1238 	 0.020
1239 	 0.000
1240 	 0.020
1241 	 0.010
1242 	 0.010
1243 	 0.020
1244 	 0.020
1245 	 0.010
1246 	 0.040
1247 	 0.010
1248 	 0.000
1249 	 0.030
1250 	 0.010
1251 	 0.010
1252 	 0.020
1253 	 0.020
1254 	 0.010
1255 	 0.000
1256 	 0.010
1257 	 0.010
1258 	 0.020
1259 	 0.010
1260 	 0.010
1261 	 0.010
1262 	 0.010
1263 	 0.050
1264 	 0.020
1265 	 0.000
1266 	 0.020
1267 	 0.010
1268 	 0.020
1269 	 0.000
1270 	 0.010
1271 	 0.010
1272 	 0.030
1273 	 0.000
1274 	 0.040
1275 	 0.020
1276 	 0.030
1277 	 0.010
1278 	 0.020
1279 	 0.000
1280 	 0.010
1281 	 0.010
1282 	 0.020
1283 	 0.010
1284 	 0.010
1285 	 0.020
1286 	 0.040
1287 	 0.010
1288 	 0.000
1289 	 0.010
1290 	 0.000
1291 	 0.010
1292 	 0.010
1293 	 0.060
1294 	 0.020
1295 	 0.000
1296 	 0.010
1297 	 0.020
1298 	 0.000
1300 	 0.000
1301 	 0.010
1302 	 0.010
1303 	 0.000
1304 	 0.010
1305 	 0.000
1306 	 0.010
1307 	 0.000
1308 	 0.030
1309 	 0.020
1310 	 0.030
1311 	 0.030
1312 	 0.010
1313 	 0.010
1314 	 0.010
1315 	 0.010
1316 	 0.010
1317 	 0.000
1318 	 0.010
1319 	 0.010
1320 	 0.000
1321 	 0.000
1322 	 0.030
1323 	 0.000
1324 	 0.020
1325 	 0.020
1326 	 0.010
1327 	 0.010
1328 	 0.010
1329 	 0.010
1330 	 0.020
1331 	 0.000
1332 	 0.010
1333 	 0.010
1334 	 0.000
1335 	 0.030
1336 	 0.010
1337 	 0.010
1338 	 0.000
1339 	 0.000
1340 	 0.030
1341 	 0.000
1342 	 0.040
1343 	 0.000
1344 	 0.010
1345 	 0.020
1346 	 0.020
1347 	 0.010
1348 	 0.010
1349 	 0.020
1350 	 0.000
1351 	 0.030
1352 	 0.020
1353 	 0.000
1354 	 0.030
1355 	 0.010
1356 	 0.000
1358 	 0.000
1359 	 0.020
1360 	 0.010
1361 	 0.030
1362 	 0.020
1363 	 0.010
1364 	 0.010
1365 	 0.020
1366 	 0.010
1367 	 0.010
1368 	 0.000
1369 	 0.000
1370 	 0.030
1371 	 0.000
1372 	 0.000
1373 	 0.030
1374 	 0.010
1375 	 0.000
1376 	 0.020
1377 	 0.030
1378 	 0.010
1379 	 0.020
1380 	 0.010
1381 	 0.000
1382 	 0.010
1383 	 0.010
1384 	 0.020
1385 	 0.010
1386 	 0.010
1387 	 0.010
1388 	 0.010
1389 	 0.020
1390 	 0.000
1391 	 0.030
1392 	 0.010
1393 	 0.000
1395 	 0.000
1396 	 0.020
1397 	 0.010
1398 	 0.010
1399 	 0.020
1400 	 0.020
1401 	 0.010
1402 	 0.020
1403 	 0.040
1404 	 0.000
1405 	 0.000
1406 	 0.040
1407 	 0.010
1408 	 0.010
1409 	 0.020
1410 	 0.010
1411 	 0.020
1412 	 0.010
1413 	 0.040
1414 	 0.000
1415 	 0.010
1416 	 0.010
1417 	 0.020
1418 	 0.030
1419 	 0.010
1420 	 0.010
1421 	 0.010
1422 	 0.010
1423 	 0.000
1424 	 0.010
1425 	 0.010
1426 	 0.000
1427 	 0.010
1428 	 0.010
1429 	 0.010
1430 	 0.000
1431 	 0.040
1432 	 0.000
1433 	 0.010
1434 	 0.030
1435 	 0.010
1436 	 0.000
1437 	 0.030
1438 	 0.000
1439 	 0.010
1440 	 0.010
1441 	 0.030
1442 	 0.020
1443 	 0.020
1444 	 0.000
1445 	 0.010
1446 	 0.000
1447 	 0.020
1448 	 0.000
1449 	 0.020
1450 	 0.010
1451 	 0.010
1452 	 0.000
1453 	 0.020
1454 	 0.010
1455 	 0.030
1456 	 0.030
1457 	 0.010
1458 	 0.010
1459 	 0.000
1460 	 0.010
1461 	 0.000
1462 	 0.010
1463 	 0.010
1464 	 0.000
1465 	 0.020
1466 	 0.010
1467 	 0.010
1468 	 0.010
1469 	 0.000
1471 	 0.000
1472 	 0.010
1473 	 0.010
1474 	 0.000
1476 	 0.000
1477 	 0.030
1478 	 0.010
1479 	 0.000
1480 	 0.020
1481 	 0.020
1482 	 0.020
1483 	 0.010
1484 	 0.010
1485 	 0.000
1486 	 0.030
1487 	 0.020
1488 	 0.000
1491 	 0.000
1492 	 0.010
1493 	 0.000
1494 	 0.000
1495 	 0.020
1496 	 0.010
1497 	 0.020
1498 	 0.020
1499 	 0.010
1500 	 0.000
1501 	 0.030
1502 	 0.000
1503 	 0.040
1504 	 0.010
1505 	 0.000
1506 	 0.020
1507 	 0.010
1508 	 0.010
1509 	 0.020
1510 	 0.000
1511 	 0.030
1512 	 0.020
1513 	 0.010
1514 	 0.010
1515 	 0.000
1516 	 0.040
1517 	 0.010
1518 	 0.010
1519 	 0.010
1520 	 0.000
1521 	 0.040
1522 	 0.020
1523 	 0.010
1524 	 0.030
1525 	 0.020
1526 	 0.000
1527 	 0.010
1528 	 0.020
1529 	 0.020
1530 	 0.020
1531 	 0.010
1532 	 0.020
1533 	 0.000
1534 	 0.020
1535 	 0.000
1536 	 0.010
1537 	 0.030
1538 	 0.000
1539 	 0.020
1540 	 0.010
1541 	 0.020
1542 	 0.020
1543 	 0.000
1544 	 0.020
1545 	 0.000
1546 	 0.010
1547 	 0.010
1548 	 0.000
1549 	 0.010
1550 	 0.020
1551 	 0.000
1552 	 0.000
1553 	 0.030
1554 	 0.010
1555 	 0.010
1556 	 0.010
1557 	 0.040
1558 	 0.020
1559 	 0.010
1560 	 0.010
1561 	 0.020
1562 	 0.000
1563 	 0.010
1564 	 0.000
1565 	 0.000
1566 	 0.020
1567 	 0.000
1568 	 0.000
1569 	 0.010
1570 	 0.010
1571 	 0.000
1572 	 0.010
1573 	 0.020
1574 	 0.020
1575 	 0.010
1576 	 0.000
1579 	 0.000
1580 	 0.020
1581 	 0.010
1582 	 0.000
1585 	 0.000
1586 	 0.010
1587 	 0.030
1588 	 0.010
1589 	 0.010
1590 	 0.000
1591 	 0.010
1592 	 0.030
1593 	 0.020
1594 	 0.000
1595 	 0.010
1596 	 0.000
1597 	 0.030
1598 	 0.010
1599 	 0.010
1600 	 0.010
1601 	 0.000
1602 	 0.020
1603 	 0.010
1604 	 0.010
1605 	 0.020
1606 	 0.000
1607 	 0.010
1608 	 0.010
1609 	 0.020
1610 	 0.000
1611 	 0.010
1612 	 0.010
1613 	 0.000
1614 	 0.010
1615 	 0.010
1616 	 0.010
1617 	 0.020
1618 	 0.020
1619 	 0.040
1620 	 0.000
1621 	 0.000
1622 	 0.010
1623 	 0.000
1624 	 0.010
1625 	 0.000
1626 	 0.000
1627 	 0.010
1628 	 0.000
1629 	 0.010
1630 	 0.020
1631 	 0.000
1632 	 0.000
1633 	 0.010
1634 	 0.010
1635 	 0.000
1636 	 0.000
1637 	 0.010
1638 	 0.010
1639 	 0.000
1640 	 0.020
1641 	 0.000
1642 	 0.000
1643 	 0.030
1644 	 0.000
1645 	 0.010
1646 	 0.020
1647 	 0.030
1648 	 0.000
1649 	 0.020
1650 	 0.000
1651 	 0.000
1652 	 0.020
1653 	 0.010
1654 	 0.010
1655 	 0.030
1656 	 0.020
1657 	 0.000
1658 	 0.020
1659 	 0.020
1660 	 0.010
1661 	 0.010
1662 	 0.010
1663 	 0.010
1664 	 0.010
1665 	 0.000
1666 	 0.020
1667 	 0.000
1668 	 0.000
1669 	 0.020
1670 	 0.010
1671 	 0.010
1672 	 0.000
1673 	 0.010
1674 	 0.010
1675 	 0.020
1676 	 0.000
1677 	 0.040
1678 	 0.000
1679 	 0.010
1680 	 0.010
1681 	 0.000
1682 	 0.010
1683 	 0.010
1684 	 0.030
1685 	 0.040
1686 	 0.020
1687 	 0.020
1688 	 0.010
1689 	 0.010
1690 	 0.020
1691 	 0.010
1692 	 0.030
1693 	 0.010
1694 	 0.010
1695 	 0.000
1696 	 0.000
1697 	 0.020
1698 	 0.000
1699 	 0.010
1700 	 0.000
1701 	 0.010
1702 	 0.020
1703 	 0.010
1704 	 0.020
1705 	 0.000
1706 	 0.010
1707 	 0.010
1708 	 0.010
1709 	 0.010
1710 	 0.000
1711 	 0.010
1712 	 0.000
1714 	 0.000
1715 	 0.020
1716 	 0.010
1717 	 0.000
1718 	 0.010
1719 	 0.000
1720 	 0.010
1721 	 0.010
1722 	 0.020
1723 	 0.010
1724 	 0.020
1725 	 0.040
1726 	 0.010
1727 	 0.010
1728 	 0.000
1729 	 0.010
1730 	 0.010
1731 	 0.010
1732 	 0.010
1733 	 0.010
1734 	 0.010
1735 	 0.000
1736 	 0.000
1737 	 0.030
1738 	 0.020
1739 	 0.010
1740 	 0.010
1741 	 0.000
1742 	 0.030
1743 	 0.000
1744 	 0.020
1745 	 0.010
1746 	 0.010
1747 	 0.000
1748 	 0.010
1749 	 0.020
1750 	 0.020
1751 	 0.020
1752 	 0.010
1753 	 0.000
1754 	 0.020
1755 	 0.000
1756 	 0.010
1757 	 0.010
1758 	 0.040
1759 	 0.020
1760 	 0.000
1761 	 0.010
1762 	 0.020
1763 	 0.000
1765 	 0.000
1766 	 0.030
1767 	 0.000
1768 	 0.010
1769 	 0.000
1771 	 0.000
1772 	 0.010
1773 	 0.000
1774 	 0.020
1775 	 0.000
1779 	 0.000
1780 	 0.010
1781 	 0.010
1782 	 0.010
1783 	 0.010
1784 	 0.000
1785 	 0.000
1786 	 0.020
1787 	 0.010
1788 	 0.000
1789 	 0.010
1790 	 0.020
1791 	 0.000
1797 	 0.000
1798 	 0.010
1799 	 0.000
1800 	 0.000
1801 	 0.030
1802 	 0.000
1803 	 0.020
1804 	 0.020
1805 	 0.010
1806 	 0.000
1807 	 0.010
1808 	 0.000
1811 	 0.000
1812 	 0.010
1813 	 0.000
1816 	 0.000
1817 	 0.010
1818 	 0.000
1819 	 0.020
1820 	 0.010
1821 	 0.000
1822 	 0.030
1823 	 0.000
1824 	 0.020
1825 	 0.010
1826 	 0.020
1827 	 0.010
1828 	 0.000
1829 	 0.000
1830 	 0.020
1831 	 0.000
1832 	 0.000
1833 	 0.020
1834 	 0.000
1835 	 0.010
1836 	 0.000
1837 	 0.010
1838 	 0.010
1839 	 0.000
1840 	 0.010
1841 	 0.010
1842 	 0.000
1843 	 0.010
1844 	 0.000
1847 	 0.000
1848 	 0.010
1849 	 0.010
1850 	 0.000
1851 	 0.020
1852 	 0.010
1853 	 0.010
1854 	 0.020
1855 	 0.010
1856 	 0.010
1857 	 0.000
1858 	 0.010
1859 	 0.010
1860 	 0.010
1861 	 0.010
1862 	 0.000
1863 	 0.010
1864 	 0.000
1865 	 0.010
1866 	 0.000
1867 	 0.000
1868 	 0.010
1869 	 0.010
1870 	 0.000
1871 	 0.000
1872 	 0.010
1873 	 0.000
1874 	 0.000
1875 	 0.020
1876 	 0.010
1877 	 0.000
1878 	 0.010
1879 	 0.000
1880 	 0.010
1881 	 0.010
1882 	 0.010
1883 	 0.000
1885 	 0.000
1886 	 0.010
1887 	 0.010
1888 	 0.000
1889 	 0.020
1890 	 0.000
1891 	 0.010
1892 	 0.000
1893 	 0.010
1894 	 0.020
1895 	 0.000
1896 	 0.010
1897 	 0.000
1898 	 0.010
1899 	 0.020
1900 	 0.000
1901 	 0.010
1902 	 0.000
1903 	 0.010
1904 	 0.000
1905 	 0.000
1906 	 0.020
1907 	 0.000
1908 	 0.010
1909 	 0.010
1910 	 0.000
1911 	 0.010
1912 	 0.020
1913 	 0.010
1914 	 0.000
1915 	 0.010
1916 	 0.010
1917 	 0.010
1918 	 0.000
1919 	 0.020
1920 	 0.000
1921 	 0.010
1922 	 0.020
1923 	 0.000
1924 	 0.000
1925 	 0.020
1926 	 0.020
1927 	 0.000
1930 	 0.000
1931 	 0.010
1932 	 0.010
1933 	 0.020
1934 	 0.010
1935 	 0.010
1936 	 0.000
1937 	 0.000
1938 	 0.010
1939 	 0.000
1940 	 0.010
1941 	 0.000
1942 	 0.000
1943 	 0.010
1944 	 0.010
1945 	 0.020
1946 	 0.010
1947 	 0.000
1948 	 0.010
1949 	 0.030
1950 	 0.020
1951 	 0.000
1952 	 0.000
1953 	 0.010
1954 	 0.010
1955 	 0.000
1956 	 0.010
1957 	 0.020
1958 	 0.010
1959 	 0.010
1960 	 0.020
1961 	 0.010
1962 	 0.000
1966 	 0.000
1967 	 0.020
1968 	 0.000
1969 	 0.000
1970 	 0.010
1971 	 0.000
1973 	 0.000
1974 	 0.010
1975 	 0.000
1976 	 0.010
1977 	 0.010
1978 	 0.000
1979 	 0.010
1980 	 0.010
1981 	 0.000
1982 	 0.020
1983 	 0.000
1984 	 0.010
1985 	 0.010
1986 	 0.010
1987 	 0.010
1988 	 0.020
1989 	 0.010
1990 	 0.000
1993 	 0.000
1994 	 0.010
1995 	 0.010
1996 	 0.010
1997 	 0.010
1998 	 0.000
1999 	 0.010
2000 	 0.010
2001 	 0.010
2002 	 0.010
2003 	 0.000
2004 	 0.020
2005 	 0.010
2006 	 0.010
2007 	 0.000
2009 	 0.000
2010 	 0.010
2011 	 0.010
2012 	 0.010
2013 	 0.010
2014 	 0.010
2015 	 0.010
2016 	 0.030
2017 	 0.010
2018 	 0.020
2019 	 0.000
2020 	 0.020
2021 	 0.030
2022 	 0.000
2023 	 0.010
2024 	 0.000
2025 	 0.000
2026 	 0.010
2027 	 0.020
2028 	 0.000
2029 	 0.000
2030 	 0.010
2031 	 0.000
2032 	 0.000
2033 	 0.030
2034 	 0.010
2035 	 0.020
2036 	 0.000
2037 	 0.000
2038 	 0.010
2039 	 0.000
2040 	 0.010
2041 	 0.000
2042 	 0.010
2043 	 0.000
2044 	 0.020
2045 	 0.000
2046 	 0.010
2047 	 0.000
2048 	 0.000
2049 	 0.010
2050 	 0.020
2051 	 0.000
2052 	 0.010
2053 	 0.000
2054 	 0.010
2055 	 0.010
2056 	 0.000
2062 	 0.000
2063 	 0.020
2064 	 0.000
2065 	 0.000
2066 	 0.010
2067 	 0.010
2068 	 0.000
2069 	 0.010
2070 	 0.010
2071 	 0.000
2072 	 0.000
2073 	 0.010
2074 	 0.030
2075 	 0.000
2076 	 0.000
2077 	 0.020
2078 	 0.000
2079 	 0.020
2080 	 0.030
2081 	 0.010
2082 	 0.000
2083 	 0.010
2084 	 0.000
2090 	 0.000
2091 	 0.020
2092 	 0.000
2093 	 0.030
2094 	 0.010
2095 	 0.000
2097 	 0.000
2098 	 0.020
2099 	 0.030
2100 	 0.010
2101 	 0.000
2102 	 0.000
2103 	 0.010
2104 	 0.000
2105 	 0.030
2106 	 0.000
2107 	 0.000
2108 	 0.010
2109 	 0.000
2111 	 0.000
2112 	 0.020
2113 	 0.010
2114 	 0.000
2115 	 0.010
2116 	 0.000
2117 	 0.000
2118 	 0.010
2119 	 0.000
2120 	 0.020
2121 	 0.010
2122 	 0.020
2123 	 0.000
2124 	 0.010
2125 	 0.020
2126 	 0.000
2127 	 0.010
2128 	 0.000
2129 	 0.000
2130 	 0.010
2131 	 0.010
2132 	 0.000
2137 	 0.000
2138 	 0.010
2139 	 0.000
2143 	 0.000
2144 	 0.020
2145 	 0.010
2146 	 0.010
2147 	 0.010
2148 	 0.000
2152 	 0.000
2153 	 0.010
2154 	 0.020
2155 	 0.010
2156 	 0.010
2157 	 0.010
2158 	 0.010
2159 	 0.010
2160 	 0.000
2161 	 0.020
2162 	 0.020
2163 	 0.000
2164 	 0.000
2165 	 0.030
2166 	 0.010
2167 	 0.020
2168 	 0.000
2175 	 0.000
2176 	 0.020
2177 	 0.020
2178 	 0.000
2179 	 0.020
2180 	 0.000
2181 	 0.010
2182 	 0.000
2189 	 0.000
2190 	 0.010
2191 	 0.000
2192 	 0.010
2193 	 0.020
2194 	 0.000
2197 	 0.000
2198 	 0.010
2199 	 0.000
2202 	 0.000
2203 	 0.010
2204 	 0.010
2205 	 0.000
2206 	 0.010
2207 	 0.020
2208 	 0.010
2209 	 0.000
2212 	 0.000
2213 	 0.010
2214 	 0.010
2215 	 0.010
2216 	 0.010
2217 	 0.000
2218 	 0.020
2219 	 0.010
2220 	 0.000
2221 	 0.010
2222 	 0.000
2223 	 0.010
2224 	 0.000
2225 	 0.000
2226 	 0.020
2227 	 0.000
2228 	 0.000
2229 	 0.020
2230 	 0.010
2231 	 0.000
2240 	 0.000
2241 	 0.010
2242 	 0.000
2243 	 0.000
2244 	 0.010
2245 	 0.000
2247 	 0.000
2248 	 0.010
2249 	 0.000
2252 	 0.000
2253 	 0.010
2254 	 0.020
2255 	 0.010
2256 	 0.000
2257 	 0.010
2258 	 0.000
2262 	 0.000
2263 	 0.010
2264 	 0.000
2265 	 0.010
2266 	 0.010
2267 	 0.000
2268 	 0.000
2269 	 0.010
2270 	 0.010
2271 	 0.000
2273 	 0.000
2274 	 0.010
2275 	 0.000
2276 	 0.000
2277 	 0.010
2278 	 0.010
2279 	 0.000
2280 	 0.000
2281 	 0.010
2282 	 0.000
2283 	 0.010
2284 	 0.000
2285 	 0.010
2286 	 0.010
2287 	 0.000
2288 	 0.010
2289 	 0.010
2290 	 0.010
2291 	 0.000
2292 	 0.010
2293 	 0.000
2296 	 0.000
2297 	 0.020
2298 	 0.000
2301 	 0.000
2302 	 0.010
2303 	 0.000
2307 	 0.000
2308 	 0.020
2309 	 0.010
2310 	 0.010
2311 	 0.020
2312 	 0.020
2313 	 0.000
2317 	 0.000
2318 	 0.030
2319 	 0.000
2320 	 0.010
2321 	 0.000
2322 	 0.020
2323 	 0.000
2324 	 0.010
2325 	 0.000
2326 	 0.000
2327 	 0.020
2328 	 0.010
2329 	 0.000
2330 	 0.000
2331 	 0.010
2332 	 0.010
2333 	 0.010
2334 	 0.000
2335 	 0.010
2336 	 0.000
2337 	 0.010
2338 	 0.000
2339 	 0.000
2340 	 0.010
2341 	 0.000
2344 	 0.000
2345 	 0.010
2346 	 0.000
2347 	 0.000
2348 	 0.010
2349 	 0.000
2351 	 0.000
2352 	 0.020
2353 	 0.000
2354 	 0.020
2355 	 0.000
2356 	 0.000
2357 	 0.010
2358 	 0.010
2359 	 0.010
2360 	 0.000
2361 	 0.000
2362 	 0.020
2363 	 0.000
2364 	 0.010
2365 	 0.000
2367 	 0.000
2368 	 0.020
2369 	 0.010
2370 	 0.000
2371 	 0.000
2372 	 0.010
2373 	 0.000
2374 	 0.000
2375 	 0.010
2376 	 0.010
2377 	 0.000
2378 	 0.000
2379 	 0.020
2380 	 0.010
2381 	 0.000
2382 	 0.000
2383 	 0.010
2384 	 0.020
2385 	 0.000
2386 	 0.000
2387 	 0.010
2388 	 0.010
2389 	 0.000
2390 	 0.010
2391 	 0.010
2392 	 0.020
2393 	 0.020
2394 	 0.000
2396 	 0.000
2397 	 0.010
2398 	 0.020
2399 	 0.000
2400 	 0.000
2401 	 0.010
2402 	 0.020
2403 	 0.000
2405 	 0.000
2406 	 0.010
2407 	 0.010
2408 	 0.020
2409 	 0.020
2410 	 0.000
2412 	 0.000
2413 	 0.010
2414 	 0.000
2415 	 0.010
2416 	 0.010
2417 	 0.000
2420 	 0.000
2421 	 0.010
2422 	 0.000
2423 	 0.000
2424 	 0.030
2425 	 0.010
2426 	 0.010
2427 	 0.000
2428 	 0.020
2429 	 0.020
2430 	 0.000
2431 	 0.000
2432 	 0.010
2433 	 0.000
2438 	 0.000
2439 	 0.010
2440 	 0.000
2442 	 0.000
2443 	 0.010
2444 	 0.010
2445 	 0.010
2446 	 0.010
2447 	 0.000
2450 	 0.000
2451 	 0.020
2452 	 0.000
2453 	 0.000
2454 	 0.010
2455 	 0.010
2456 	 0.000
2457 	 0.010
2458 	 0.000
2459 	 0.010
2460 	 0.000
2461 	 0.010
2462 	 0.000
2463 	 0.010
2464 	 0.000
2466 	 0.000
2467 	 0.020
2468 	 0.000
2469 	 0.010
2470 	 0.000
2471 	 0.010
2472 	 0.000
2474 	 0.000
2475 	 0.010
2476 	 0.000
2478 	 0.000
2479 	 0.010
2480 	 0.000
2481 	 0.010
2482 	 0.010
2483 	 0.000
2488 	 0.000
2489 	 0.020
2490 	 0.000
2497 	 0.000
2498 	 0.010
2499 	 0.000
2501 	 0.000
2502 	 0.010
2503 	 0.000
2505 	 0.000
2506 	 0.010
2507 	 0.000
2513 	 0.000
2514 	 0.010
2515 	 0.000
2516 	 0.000
2517 	 0.010
2518 	 0.010
2519 	 0.000
2520 	 0.010
2521 	 0.010
2522 	 0.000
2523 	 0.010
2524 	 0.010
2525 	 0.000
2526 	 0.000
2527 	 0.010
2528 	 0.000
2534 	 0.000
2535 	 0.020
2536 	 0.000
2542 	 0.000
2543 	 0.010
2544 	 0.000
2546 	 0.000
2547 	 0.010
2548 	 0.000
2550 	 0.000
2551 	 0.030
2552 	 0.000
2553 	 0.010
2554 	 0.010
2555 	 0.020
2556 	 0.000
2562 	 0.000
2563 	 0.010
2564 	 0.000
2569 	 0.000
2570 	 0.010
2571 	 0.000
2574 	 0.000
2575 	 0.010
2576 	 0.000
2578 	 0.000
2579 	 0.030
2580 	 0.000
2583 	 0.000
2584 	 0.010
2585 	 0.010
2586 	 0.000
2587 	 0.010
2588 	 0.000
2594 	 0.000
2595 	 0.010
2596 	 0.000
2600 	 0.000
2601 	 0.010
2602 	 0.000
2604 	 0.000
2605 	 0.010
2606 	 0.000
2609 	 0.000
2610 	 0.020
2611 	 0.000
2614 	 0.000
2615 	 0.010
2616 	 0.000
2617 	 0.020
2618 	 0.000
2619 	 0.010
2620 	 0.010
2621 	 0.000
2622 	 0.000
2623 	 0.020
2624 	 0.000
2625 	 0.010
2626 	 0.000
2631 	 0.000
2632 	 0.010
2633 	 0.000
2641 	 0.000
2642 	 0.030
2643 	 0.010
2644 	 0.000
2647 	 0.000
2648 	 0.010
2649 	 0.000
2650 	 0.010
2651 	 0.010
2652 	 0.010
2653 	 0.000
2658 	 0.000
2659 	 0.010
2660 	 0.000
2663 	 0.000
2664 	 0.010
2665 	 0.000
2669 	 0.000
2670 	 0.010
2671 	 0.000
2678 	 0.000
2679 	 0.010
2680 	 0.010
2681 	 0.020
2682 	 0.000
2685 	 0.000
2686 	 0.010
2687 	 0.000
2690 	 0.000
2691 	 0.010
2692 	 0.000
2700 	 0.000
2701 	 0.020
2702 	 0.000
2705 	 0.000
2706 	 0.010
2707 	 0.000
2712 	 0.000
2713 	 0.020
2714 	 0.010
2715 	 0.000
2717 	 0.000
2718 	 0.020
2719 	 0.010
2720 	 0.000
2721 	 0.040
2722 	 0.000
2724 	 0.000
2725 	 0.010
2726 	 0.010
2727 	 0.020
2728 	 0.010
2729 	 0.000
2735 	 0.000
2736 	 0.010
2737 	 0.000
2738 	 0.010
2739 	 0.000
2741 	 0.000
2742 	 0.010
2743 	 0.000
2747 	 0.000
2748 	 0.010
2749 	 0.010
2750 	 0.010
2751 	 0.000
2755 	 0.000
2756 	 0.010
2757 	 0.000
2758 	 0.000
2759 	 0.010
2760 	 0.010
2761 	 0.030
2762 	 0.000
2772 	 0.000
2773 	 0.010
2774 	 0.010
2775 	 0.010
2776 	 0.000
2777 	 0.010
2778 	 0.000
2779 	 0.000
2780 	 0.010
2781 	 0.000
2783 	 0.000
2784 	 0.010
2785 	 0.010
2786 	 0.000
2787 	 0.000
2788 	 0.010
2789 	 0.000
2791 	 0.000
2792 	 0.010
2793 	 0.010
2794 	 0.010
2795 	 0.000
2803 	 0.000
2804 	 0.010
2805 	 0.000
2806 	 0.000
2807 	 0.010
2808 	 0.000
2809 	 0.000
2810 	 0.010
2811 	 0.000
2813 	 0.000
2814 	 0.010
2815 	 0.000
2816 	 0.000
2817 	 0.010
2818 	 0.000
2819 	 0.010
2820 	 0.000
2823 	 0.000
2824 	 0.010
2825 	 0.000
2828 	 0.000
2829 	 0.010
2830 	 0.000
2832 	 0.000
2833 	 0.010
2834 	 0.000
2835 	 0.000
2836 	 0.010
2837 	 0.010
2838 	 0.020
2839 	 0.000
2840 	 0.010
2841 	 0.000
2842 	 0.010
2843 	 0.000
2844 	 0.000
2845 	 0.010
2846 	 0.010
2847 	 0.010
2848 	 0.000
2849 	 0.000
2850 	 0.010
2851 	 0.010
2852 	 0.000
2856 	 0.000
2857 	 0.010
2858 	 0.010
2859 	 0.000
2860 	 0.010
2861 	 0.000
2865 	 0.000
2866 	 0.010
2867 	 0.000
2868 	 0.000
2869 	 0.020
2870 	 0.000
2871 	 0.000
2872 	 0.010
2873 	 0.000
2874 	 0.010
2875 	 0.000
2876 	 0.010
2877 	 0.000
2878 	 0.000
2879 	 0.020
2880 	 0.000
2882 	 0.000
2883 	 0.010
2884 	 0.000
2885 	 0.010
2886 	 0.000
2887 	 0.010
2888 	 0.010
2889 	 0.000
2890 	 0.000
2891 	 0.010
2892 	 0.000
2893 	 0.010
2894 	 0.010
2895 	 0.000
2896 	 0.010
2897 	 0.000
2898 	 0.000
2899 	 0.010
2900 	 0.010
2901 	 0.000
2902 	 0.000
2903 	 0.010
2904 	 0.000
2906 	 0.000
2907 	 0.010
2908 	 0.000
2916 	 0.000
2917 	 0.010
2918 	 0.010
2919 	 0.000
2920 	 0.030
2921 	 0.010
2922 	 0.010
2923 	 0.000
2924 	 0.010
2925 	 0.000
2926 	 0.000
2927 	 0.010
2928 	 0.000
2929 	 0.010
2930 	 0.010
2931 	 0.000
2932 	 0.010
2933 	 0.000
2935 	 0.000
2936 	 0.030
2937 	 0.000
2939 	 0.000
2940 	 0.010
2941 	 0.010
2942 	 0.000
2944 	 0.000
2945 	 0.010
2946 	 0.000
2947 	 0.000
2948 	 0.010
2949 	 0.000
2952 	 0.000
2953 	 0.010
2954 	 0.010
2955 	 0.000
2958 	 0.000
2959 	 0.010
2960 	 0.000
2961 	 0.000
2962 	 0.010
2963 	 0.000
2964 	 0.000
2965 	 0.010
2966 	 0.000
2967 	 0.010
2968 	 0.000
2982 	 0.000
2983 	 0.010
2984 	 0.010
2985 	 0.000
2986 	 0.010
2987 	 0.000
2988 	 0.000
2989 	 0.010
2990 	 0.010
2991 	 0.000
2993 	 0.000
2994 	 0.010
2995 	 0.000
2996 	 0.000
2997 	 0.010
2998 	 0.010
2999 	 0.000
3001 	 0.000
3002 	 0.010
3003 	 0.000
3008 	 0.000
3009 	 0.010
3010 	 0.010
3011 	 0.000
3018 	 0.000
3019 	 0.010
3020 	 0.020
3021 	 0.000
3024 	 0.000
3025 	 0.010
3026 	 0.000
3027 	 0.010
3028 	 0.000
3033 	 0.000
3034 	 0.020
3035 	 0.000
3040 	 0.000
3041 	 0.010
3042 	 0.010
3043 	 0.000
3047 	 0.000
3048 	 0.010
3049 	 0.000
3050 	 0.000
3051 	 0.020
3052 	 0.000
3054 	 0.000
3055 	 0.010
3056 	 0.000
3058 	 0.000
3059 	 0.010
3060 	 0.010
3061 	 0.000
3062 	 0.000
3063 	 0.010
3064 	 0.010
3065 	 0.000
3069 	 0.000
3070 	 0.010
3071 	 0.000
3072 	 0.010
3073 	 0.000
3076 	 0.000
3077 	 0.010
3078 	 0.000
3079 	 0.010
3080 	 0.010
3081 	 0.000
3082 	 0.000
3083 	 0.010
3084 	 0.000
3090 	 0.000
3091 	 0.010
3092 	 0.010
3093 	 0.000
3094 	 0.000
3095 	 0.010
3096 	 0.000
3097 	 0.010
3098 	 0.000
3099 	 0.010
3100 	 0.010
3101 	 0.000
3106 	 0.000
3107 	 0.020
3108 	 0.000
3113 	 0.000
3114 	 0.010
3115 	 0.000
3122 	 0.000
3123 	 0.010
3124 	 0.010
3125 	 0.000
3126 	 0.020
3127 	 0.010
3128 	 0.000
3129 	 0.000
3130 	 0.010
3131 	 0.000
3132 	 0.000
3133 	 0.010
3134 	 0.010
3135 	 0.000
3136 	 0.000
3137 	 0.020
3138 	 0.000
3146 	 0.000
3147 	 0.010
3148 	 0.010
3149 	 0.000
3150 	 0.000
3151 	 0.010
3152 	 0.000
3156 	 0.000
3157 	 0.020
3158 	 0.000
3160 	 0.000
3161 	 0.010
3162 	 0.010
3163 	 0.010
3164 	 0.000
3170 	 0.000
3171 	 0.010
3172 	 0.010
3173 	 0.000
3177 	 0.000
3178 	 0.010
3179 	 0.000
3181 	 0.000
3182 	 0.010
3183 	 0.000
3185 	 0.000
3186 	 0.010
3187 	 0.000
3190 	 0.000
3191 	 0.010
3192 	 0.000
3200 	 0.000
3201 	 0.010
3202 	 0.000
3203 	 0.000
3204 	 0.010
3205 	 0.010
3206 	 0.010
3207 	 0.010
3208 	 0.000
3212 	 0.000
3213 	 0.010
3214 	 0.000
3215 	 0.000
3216 	 0.010
3217 	 0.020
3218 	 0.000
3219 	 0.000
3220 	 0.010
3221 	 0.000
3222 	 0.000
3223 	 0.010
3224 	 0.000
3227 	 0.000
3228 	 0.010
3229 	 0.000
3231 	 0.000
3232 	 0.010
3233 	 0.000
3238 	 0.000
3239 	 0.010
3240 	 0.010
3241 	 0.000
3251 	 0.000
3252 	 0.010
3253 	 0.000
3258 	 0.000
3259 	 0.010
3260 	 0.000
3261 	 0.010
3262 	 0.010
3263 	 0.000
3265 	 0.000
3266 	 0.010
3267 	 0.000
3274 	 0.000
3275 	 0.010
3276 	 0.000
3277 	 0.000
3278 	 0.010
3279 	 0.000
3282 	 0.000
3283 	 0.010
3284 	 0.000
3288 	 0.000
3289 	 0.010
3290 	 0.020
3291 	 0.000
3294 	 0.000
3295 	 0.010
3296 	 0.000
3300 	 0.000
3301 	 0.010
3302 	 0.000
3303 	 0.010
3304 	 0.010
3305 	 0.000
3306 	 0.000
3307 	 0.010
3308 	 0.000
3309 	 0.010
3310 	 0.000
3317 	 0.000
3318 	 0.010
3319 	 0.000
3320 	 0.010
3321 	 0.000
3323 	 0.000
3324 	 0.010
3325 	 0.010
3326 	 0.000
3331 	 0.000
3332 	 0.010
3333 	 0.000
3334 	 0.000
3335 	 0.010
3336 	 0.010
3337 	 0.000
3344 	 0.000
3345 	 0.010
3346 	 0.010
3347 	 0.020
3348 	 0.000
3360 	 0.000
3361 	 0.010
3362 	 0.000
3363 	 0.010
3364 	 0.000
3372 	 0.000
3373 	 0.010
3374 	 0.000
3376 	 0.000
3377 	 0.020
3378 	 0.000
3379 	 0.010
3380 	 0.000
3381 	 0.010
3382 	 0.010
3383 	 0.010
3384 	 0.000
3385 	 0.000
3386 	 0.010
3387 	 0.000
3388 	 0.000
3389 	 0.010
3390 	 0.000
3399 	 0.000
3400 	 0.010
3401 	 0.000
3403 	 0.000
3404 	 0.010
3405 	 0.000
3414 	 0.000
3415 	 0.020
3416 	 0.010
3417 	 0.000
3419 	 0.000
3420 	 0.010
3421 	 0.000
3425 	 0.000
3426 	 0.010
3427 	 0.010
3428 	 0.000
3434 	 0.000
3435 	 0.010
3436 	 0.000
3439 	 0.000
3440 	 0.010
3441 	 0.000
3455 	 0.000
3456 	 0.010
3457 	 0.000
3458 	 0.010
3459 	 0.000
3460 	 0.010
3461 	 0.000
3468 	 0.000
3469 	 0.010
3470 	 0.000
3476 	 0.000
3477 	 0.010
3478 	 0.010
3479 	 0.010
3480 	 0.000
3493 	 0.000
3494 	 0.010
3495 	 0.000
3496 	 0.000
3497 	 0.010
3498 	 0.010
3499 	 0.000
3523 	 0.000
3524 	 0.010
3525 	 0.000
3528 	 0.000
3529 	 0.010
3530 	 0.010
3531 	 0.010
3532 	 0.000
3535 	 0.000
3536 	 0.010
3537 	 0.010
3538 	 0.000
3542 	 0.000
3543 	 0.020
3544 	 0.010
3545 	 0.000
3548 	 0.000
3549 	 0.010
3550 	 0.000
3553 	 0.000
3554 	 0.010
3555 	 0.000
3556 	 0.000
3557 	 0.010
3558 	 0.000
3570 	 0.000
3571 	 0.010
3572 	 0.010
3573 	 0.000
3581 	 0.000
3582 	 0.010
3583 	 0.000
3589 	 0.000
3590 	 0.010
3591 	 0.000
3593 	 0.000
3594 	 0.010
3595 	 0.000
3598 	 0.000
3599 	 0.010
3600 	 0.000
3603 	 0.000
3604 	 0.010
3605 	 0.000
3607 	 0.000
3608 	 0.010
3609 	 0.000
3611 	 0.000
3612 	 0.010
3613 	 0.000
3614 	 0.000
3615 	 0.010
3616 	 0.000
3624 	 0.000
3625 	 0.010
3626 	 0.000
3627 	 0.000
3628 	 0.010
3629 	 0.000
3639 	 0.000
3640 	 0.010
3641 	 0.000
3643 	 0.000
3644 	 0.010
3645 	 0.000
3657 	 0.000
3658 	 0.010
3659 	 0.000
3661 	 0.000
3662 	 0.010
3663 	 0.000
3669 	 0.000
3670 	 0.010
3671 	 0.000
3672 	 0.000
3673 	 0.030
3674 	 0.000
3682 	 0.000
3683 	 0.010
3684 	 0.010
3685 	 0.000
3686 	 0.010
3687 	 0.000
3689 	 0.000
3690 	 0.010
3691 	 0.000
3694 	 0.000
3695 	 0.010
3696 	 0.010
3697 	 0.000
3712 	 0.000
3713 	 0.010
3714 	 0.010
3715 	 0.000
3716 	 0.000
3717 	 0.010
3718 	 0.010
3719 	 0.000
3732 	 0.000
3733 	 0.010
3734 	 0.000
3737 	 0.000
3738 	 0.010
3739 	 0.000
3740 	 0.010
3741 	 0.000
3746 	 0.000
3747 	 0.010
3748 	 0.010
3749 	 0.000
3759 	 0.000
3760 	 0.010
3761 	 0.010
3762 	 0.000
3765 	 0.000
3766 	 0.010
3767 	 0.000
3785 	 0.000
3786 	 0.010
3787 	 0.000
3790 	 0.000
3791 	 0.010
3792 	 0.010
3793 	 0.000
3794 	 0.000
3795 	 0.010
3796 	 0.000
3797 	 0.000
3798 	 0.010
3799 	 0.000
3809 	 0.000
3810 	 0.020
3811 	 0.000
3814 	 0.000
3815 	 0.020
3816 	 0.000
3822 	 0.000
3823 	 0.010
3824 	 0.000
3838 	 0.000
3839 	 0.010
3840 	 0.000
3845 	 0.000
3846 	 0.010
3847 	 0.000
3848 	 0.000
3849 	 0.010
3850 	 0.000
3855 	 0.000
3856 	 0.010
3857 	 0.000
3858 	 0.000
3859 	 0.010
3860 	 0.000
3862 	 0.000
3863 	 0.010
3864 	 0.000
3873 	 0.000
3874 	 0.010
3875 	 0.000
3878 	 0.000
3879 	 0.010
3880 	 0.000
3894 	 0.000
3895 	 0.010
3896 	 0.000
3902 	 0.000
3903 	 0.010
3904 	 0.000
3909 	 0.000
3910 	 0.010
3911 	 0.000
3915 	 0.000
3916 	 0.020
3917 	 0.000
3923 	 0.000
3924 	 0.010
3925 	 0.000
3929 	 0.000
3930 	 0.020
3931 	 0.010
3932 	 0.000
3933 	 0.000
3934 	 0.010
3935 	 0.000
3936 	 0.000
3937 	 0.010
3938 	 0.000
3939 	 0.010
3940 	 0.000
3943 	 0.000
3944 	 0.010
3945 	 0.000
3950 	 0.000
3951 	 0.010
3952 	 0.000
3957 	 0.000
3958 	 0.010
3959 	 0.000
3963 	 0.000
3964 	 0.010
3965 	 0.000
3968 	 0.000
3969 	 0.010
3970 	 0.010
3971 	 0.000
3976 	 0.000
3977 	 0.020
3978 	 0.000
3979 	 0.000
3980 	 0.010
3981 	 0.000
3982 	 0.000
3983 	 0.010
3984 	 0.000
3992 	 0.000
3993 	 0.010
3994 	 0.000
3995 	 0.010
3996 	 0.000
4000 	 0.000
4001 	 0.010
4002 	 0.010
4003 	 0.000
4018 	 0.000
4019 	 0.010
4020 	 0.000
4024 	 0.000
4025 	 0.010
4026 	 0.000
4039 	 0.000
4040 	 0.010
4041 	 0.000
4048 	 0.000
4049 	 0.020
4050 	 0.000
4051 	 0.010
4052 	 0.000
4062 	 0.000
4063 	 0.010
4064 	 0.010
4065 	 0.010
4066 	 0.000
4072 	 0.000
4073 	 0.010
4074 	 0.000
4083 	 0.000
4084 	 0.010
4085 	 0.000
4096 	 0.000
4097 	 0.010
4098 	 0.000
4099 	 0.010
4100 	 0.000
4101 	 0.020
4102 	 0.000
4103 	 0.000
4104 	 0.010
4105 	 0.000
4107 	 0.000
4108 	 0.010
4109 	 0.010
4110 	 0.000
4114 	 0.000
4115 	 0.010
4116 	 0.010
4117 	 0.000
4121 	 0.000
4122 	 0.010
4123 	 0.000
4124 	 0.000
4125 	 0.010
4126 	 0.000
4130 	 0.000
4131 	 0.010
4132 	 0.000
4139 	 0.000
4140 	 0.010
4141 	 0.010
4142 	 0.000
4143 	 0.010
4144 	 0.000
4146 	 0.000
4147 	 0.010
4148 	 0.010
4149 	 0.000
4150 	 0.000
4151 	 0.010
4152 	 0.010
4153 	 0.000
4165 	 0.000
4166 	 0.010
4167 	 0.000
4171 	 0.000
4172 	 0.010
4173 	 0.000
4174 	 0.010
4175 	 0.000
4176 	 0.020
4177 	 0.000
4183 	 0.000
4184 	 0.030
4185 	 0.000
4190 	 0.000
4191 	 0.010
4192 	 0.000
4201 	 0.000
4202 	 0.010
4203 	 0.000
4206 	 0.000
4207 	 0.010
4208 	 0.000
4215 	 0.000
4216 	 0.010
4217 	 0.000
4218 	 0.000
4219 	 0.010
4220 	 0.000
4221 	 0.000
4222 	 0.010
4223 	 0.000
4227 	 0.000
4228 	 0.010
4229 	 0.000
4242 	 0.000
4243 	 0.010
4244 	 0.000
4252 	 0.000
4253 	 0.010
4254 	 0.000
4256 	 0.000
4257 	 0.010
4258 	 0.010
4259 	 0.000
4260 	 0.010
4261 	 0.000
4266 	 0.000
4267 	 0.010
4268 	 0.000
4275 	 0.000
4276 	 0.010
4277 	 0.000
4278 	 0.000
4279 	 0.010
4280 	 0.000
4283 	 0.000
4284 	 0.010
4285 	 0.000
4289 	 0.000
4290 	 0.010
4291 	 0.000
4295 	 0.000
4296 	 0.010
4297 	 0.010
4298 	 0.000
4305 	 0.000
4306 	 0.010
4307 	 0.000
4326 	 0.000
4327 	 0.010
4328 	 0.000
4331 	 0.000
4332 	 0.010
4333 	 0.000
4334 	 0.010
4335 	 0.010
4336 	 0.010
4337 	 0.000
4343 	 0.000
4344 	 0.020
4345 	 0.000
4351 	 0.000
4352 	 0.010
4353 	 0.010
4354 	 0.000
4359 	 0.000
4360 	 0.010
4361 	 0.000
4362 	 0.000
4363 	 0.010
4364 	 0.000
4365 	 0.010
4366 	 0.000
4367 	 0.000
4368 	 0.010
4369 	 0.000
4373 	 0.000
4374 	 0.010
4375 	 0.010
4376 	 0.000
4377 	 0.000
4378 	 0.010
4379 	 0.000
4385 	 0.000
4386 	 0.010
4387 	 0.000
4388 	 0.010
4389 	 0.000
4400 	 0.000
4401 	 0.010
4402 	 0.000
4404 	 0.000
4405 	 0.010
4406 	 0.000
4416 	 0.000
4417 	 0.010
4418 	 0.010
4419 	 0.000
4420 	 0.000
4421 	 0.010
4422 	 0.000
4424 	 0.000
4425 	 0.010
4426 	 0.000
4427 	 0.000
4428 	 0.010
4429 	 0.000
4430 	 0.010
4431 	 0.000
4440 	 0.000
4441 	 0.010
4442 	 0.000
4443 	 0.000
4444 	 0.010
4445 	 0.000
4450 	 0.000
4451 	 0.020
4452 	 0.000
4456 	 0.000
4457 	 0.010
4458 	 0.000
4459 	 0.000
4460 	 0.010
4461 	 0.000
4472 	 0.000
4473 	 0.010
4474 	 0.000
4475 	 0.010
4476 	 0.000
4485 	 0.000
4486 	 0.010
4487 	 0.000
4493 	 0.000
4494 	 0.010
4495 	 0.000
4496 	 0.010
4497 	 0.010
4498 	 0.000
4501 	 0.000
4502 	 0.010
4503 	 0.000
4507 	 0.000
4508 	 0.010
4509 	 0.000
4511 	 0.000
4512 	 0.010
4513 	 0.010
4514 	 0.000
4519 	 0.000
4520 	 0.010
4521 	 0.000
4527 	 0.000
4528 	 0.010
4529 	 0.000
4542 	 0.000
4543 	 0.010
4544 	 0.000
4551 	 0.000
4552 	 0.010
4553 	 0.010
4554 	 0.000
4555 	 0.000
4556 	 0.010
4557 	 0.000
4571 	 0.000
4572 	 0.010
4573 	 0.000
4574 	 0.010
4575 	 0.000
4578 	 0.000
4579 	 0.010
4580 	 0.000
4583 	 0.000
4584 	 0.010
4585 	 0.000
4586 	 0.010
4587 	 0.000
4611 	 0.000
4612 	 0.010
4613 	 0.010
4614 	 0.000
4617 	 0.000
4618 	 0.010
4619 	 0.000
4622 	 0.000
4623 	 0.010
4624 	 0.000
4638 	 0.000
4639 	 0.010
4640 	 0.000
4642 	 0.000
4643 	 0.010
4644 	 0.000
4654 	 0.000
4655 	 0.010
4656 	 0.010
4657 	 0.000
4671 	 0.000
4672 	 0.010
4673 	 0.000
4683 	 0.000
4684 	 0.010
4685 	 0.000
4690 	 0.000
4691 	 0.010
4692 	 0.000
4695 	 0.000
4696 	 0.010
4697 	 0.000
4700 	 0.000
4701 	 0.010
4702 	 0.000
4709 	 0.000
4710 	 0.010
4711 	 0.000
4712 	 0.010
4713 	 0.000
4770 	 0.000
4771 	 0.020
4772 	 0.000
4774 	 0.000
4775 	 0.010
4776 	 0.000
4785 	 0.000
4786 	 0.010
4787 	 0.010
4788 	 0.000
4791 	 0.000
4792 	 0.010
4793 	 0.010
4794 	 0.000
4795 	 0.000
4796 	 0.010
4797 	 0.000
4804 	 0.000
4805 	 0.010
4806 	 0.000
4813 	 0.000
4814 	 0.020
4815 	 0.000
4819 	 0.000
4820 	 0.010
4821 	 0.000
4825 	 0.000
4826 	 0.010
4827 	 0.000
4835 	 0.000
4836 	 0.010
4837 	 0.000
4842 	 0.000
4843 	 0.010
4844 	 0.000
4856 	 0.000
4857 	 0.010
4858 	 0.000
4859 	 0.000
4860 	 0.010
4861 	 0.010
4862 	 0.000
4868 	 0.000
4869 	 0.010
4870 	 0.000
4872 	 0.000
4873 	 0.010
4874 	 0.000
4890 	 0.000
4891 	 0.010
4892 	 0.000
4897 	 0.000
4898 	 0.010
4899 	 0.000
4907 	 0.000
4908 	 0.010
4909 	 0.010
4910 	 0.000
4920 	 0.000
4921 	 0.010
4922 	 0.000
4927 	 0.000
4928 	 0.010
4929 	 0.010
4930 	 0.000
4939 	 0.000
4940 	 0.010
4941 	 0.000
4962 	 0.000
4963 	 0.010
4964 	 0.000
4965 	 0.010
4966 	 0.000
4994 	 0.000
4995 	 0.010
4996 	 0.000
4999 	 0.000
5000 	 0.010
5001 	 0.000
5032 	 0.000
5033 	 0.010
5034 	 0.000
5035 	 0.010
5036 	 0.000
5038 	 0.000
5039 	 0.010
5040 	 0.000
5050 	 0.000
5051 	 0.010
5052 	 0.000
5057 	 0.000
5058 	 0.010
5059 	 0.000
5094 	 0.000
5095 	 0.010
5096 	 0.000
5097 	 0.000
5098 	 0.010
5099 	 0.000
5107 	 0.000
5108 	 0.010
5109 	 0.000
5110 	 0.010
5111 	 0.000
5117 	 0.000
5118 	 0.010
5119 	 0.000
5144 	 0.000
5145 	 0.010
5146 	 0.000
5147 	 0.010
5148 	 0.000
5150 	 0.000
5151 	 0.010
5152 	 0.000
5161 	 0.000
5162 	 0.010
5163 	 0.000
5210 	 0.000
5211 	 0.010
5212 	 0.000
5228 	 0.000
5229 	 0.010
5230 	 0.000
5251 	 0.000
5252 	 0.010
5253 	 0.000
5257 	 0.000
5258 	 0.010
5259 	 0.010
5260 	 0.000
5274 	 0.000
5275 	 0.010
5276 	 0.000
5277 	 0.000
5278 	 0.020
5279 	 0.010
5280 	 0.000
5283 	 0.000
5284 	 0.010
5285 	 0.000
5286 	 0.010
5287 	 0.000
5288 	 0.010
5289 	 0.000
5290 	 0.000
5291 	 0.010
5292 	 0.000
5293 	 0.010
5294 	 0.000
5296 	 0.000
5297 	 0.010
5298 	 0.000
5303 	 0.000
5304 	 0.010
5305 	 0.000
5330 	 0.000
5331 	 0.010
5332 	 0.000
5349 	 0.000
5350 	 0.010
5351 	 0.010
5352 	 0.010
5353 	 0.000
5354 	 0.000
5355 	 0.010
5356 	 0.000
5381 	 0.000
5382 	 0.010
5383 	 0.000
5396 	 0.000
5397 	 0.010
5398 	 0.000
5403 	 0.000
5404 	 0.010
5405 	 0.000
5413 	 0.000
5414 	 0.010
5415 	 0.000
5424 	 0.000
5425 	 0.010
5426 	 0.000
5427 	 0.000
5428 	 0.010
5429 	 0.000
5431 	 0.000
5432 	 0.010
5433 	 0.000
5436 	 0.000
5437 	 0.010
5438 	 0.000
5454 	 0.000
5455 	 0.010
5456 	 0.000
5457 	 0.010
5458 	 0.010
5459 	 0.000
5461 	 0.000
5462 	 0.010
5463 	 0.000
5465 	 0.000
5466 	 0.010
5467 	 0.000
5468 	 0.010
5469 	 0.000
5472 	 0.000
5473 	 0.010
5474 	 0.000
5488 	 0.000
5489 	 0.010
5490 	 0.000
5495 	 0.000
5496 	 0.010
5497 	 0.000
5512 	 0.000
5513 	 0.010
5514 	 0.000
5521 	 0.000
5522 	 0.010
5523 	 0.000
5529 	 0.000
5530 	 0.010
5531 	 0.000
5547 	 0.000
5548 	 0.010
5549 	 0.000
5563 	 0.000
5564 	 0.010
5565 	 0.000
5566 	 0.010
5567 	 0.000
5579 	 0.000
5580 	 0.010
5581 	 0.010
5582 	 0.000
5587 	 0.000
5588 	 0.010
5589 	 0.010
5590 	 0.000
5592 	 0.000
5593 	 0.010
5594 	 0.000
5610 	 0.000
5611 	 0.010
5612 	 0.000
5626 	 0.000
5627 	 0.020
5628 	 0.010
5629 	 0.000
5630 	 0.020
5631 	 0.000
5632 	 0.010
5633 	 0.000
5639 	 0.000
5640 	 0.010
5641 	 0.000
5646 	 0.000
5647 	 0.010
5648 	 0.000
5658 	 0.000
5659 	 0.010
5660 	 0.000
5690 	 0.000
5691 	 0.010
5692 	 0.000
5696 	 0.000
5697 	 0.010
5698 	 0.000
5704 	 0.000
5705 	 0.010
5706 	 0.000
5716 	 0.000
5717 	 0.010
5718 	 0.000
5722 	 0.000
5723 	 0.010
5724 	 0.000
5747 	 0.000
5748 	 0.020
5749 	 0.000
5756 	 0.000
5757 	 0.010
5758 	 0.010
5759 	 0.010
5760 	 0.000
5771 	 0.000
5772 	 0.010
5773 	 0.000
5826 	 0.000
5827 	 0.020
5828 	 0.000
5843 	 0.000
5844 	 0.010
5845 	 0.000
5872 	 0.000
5873 	 0.010
5874 	 0.000
5893 	 0.000
5894 	 0.010
5895 	 0.000
5902 	 0.000
5903 	 0.020
5904 	 0.000
5912 	 0.000
5913 	 0.010
5914 	 0.000
5948 	 0.000
5949 	 0.010
5950 	 0.010
5951 	 0.010
5952 	 0.000
5961 	 0.000
5962 	 0.020
5963 	 0.000
5972 	 0.000
5973 	 0.010
5974 	 0.000
5987 	 0.000
5988 	 0.010
5989 	 0.000
5997 	 0.000
5998 	 0.010
5999 	 0.000
6002 	 0.000
6003 	 0.010
6004 	 0.000
6006 	 0.000
6007 	 0.010
6008 	 0.000
6010 	 0.000
6011 	 0.010
6012 	 0.000
6013 	 0.000
6014 	 0.020
6015 	 0.000
6054 	 0.000
6055 	 0.010
6056 	 0.000
6059 	 0.000
6060 	 0.010
6061 	 0.000
6075 	 0.000
6076 	 0.010
6077 	 0.000
6078 	 0.010
6079 	 0.000
6083 	 0.000
6084 	 0.010
6085 	 0.000
6088 	 0.000
6089 	 0.010
6090 	 0.000
6121 	 0.000
6122 	 0.010
6123 	 0.000
6126 	 0.000
6127 	 0.010
6128 	 0.000
6155 	 0.000
6156 	 0.010
6157 	 0.000
6168 	 0.000
6169 	 0.010
6170 	 0.000
6174 	 0.000
6175 	 0.010
6176 	 0.000
6177 	 0.010
6178 	 0.000
6187 	 0.000
6188 	 0.010
6189 	 0.000
6200 	 0.000
6201 	 0.010
6202 	 0.000
6212 	 0.000
6213 	 0.010
6214 	 0.010
6215 	 0.000
6224 	 0.000
6225 	 0.010
6226 	 0.000
6227 	 0.000
6228 	 0.010
6229 	 0.000
6233 	 0.000
6234 	 0.010
6235 	 0.000
6253 	 0.000
6254 	 0.010
6255 	 0.000
6287 	 0.000
6288 	 0.010
6289 	 0.000
6297 	 0.000
6298 	 0.010
6299 	 0.000
6300 	 0.010
6301 	 0.000
6306 	 0.000
6307 	 0.010
6308 	 0.000
6331 	 0.000
6332 	 0.010
6333 	 0.000
6349 	 0.000
6350 	 0.010
6351 	 0.000
6352 	 0.000
6353 	 0.010
6354 	 0.000
6355 	 0.000
6356 	 0.010
6357 	 0.000
6361 	 0.000
6362 	 0.010
6363 	 0.000
6365 	 0.000
6366 	 0.010
6367 	 0.000
6386 	 0.000
6387 	 0.010
6388 	 0.000
6393 	 0.000
6394 	 0.010
6395 	 0.000
6414 	 0.000
6415 	 0.010
6416 	 0.000
6418 	 0.000
6419 	 0.020
6420 	 0.000
6423 	 0.000
6424 	 0.010
6425 	 0.000
6442 	 0.000
6443 	 0.010
6444 	 0.000
6477 	 0.000
6478 	 0.010
6479 	 0.000
6485 	 0.000
6486 	 0.010
6487 	 0.000
6496 	 0.000
6497 	 0.010
6498 	 0.000
6513 	 0.000
6514 	 0.010
6515 	 0.010
6516 	 0.000
6522 	 0.000
6523 	 0.010
6524 	 0.000
6525 	 0.010
6526 	 0.000
6531 	 0.000
6532 	 0.010
6533 	 0.000
6545 	 0.000
6546 	 0.010
6547 	 0.000
6548 	 0.010
6549 	 0.000
6558 	 0.000
6559 	 0.010
6560 	 0.000
6565 	 0.000
6566 	 0.010
6567 	 0.000
6576 	 0.000
6577 	 0.010
6578 	 0.000
6593 	 0.000
6594 	 0.010
6595 	 0.000
6613 	 0.000
6614 	 0.010
6615 	 0.000
6620 	 0.000
6621 	 0.010
6622 	 0.000
6637 	 0.000
6638 	 0.010
6639 	 0.010
6640 	 0.000
6646 	 0.000
6647 	 0.020
6648 	 0.000
6673 	 0.000
6674 	 0.010
6675 	 0.000
6677 	 0.000
6678 	 0.010
6679 	 0.000
6782 	 0.000
6783 	 0.010
6784 	 0.000
6786 	 0.000
6787 	 0.010
6788 	 0.000
6789 	 0.010
6790 	 0.000
6799 	 0.000
6800 	 0.010
6801 	 0.000
6811 	 0.000
6812 	 0.020
6813 	 0.000
6818 	 0.000
6819 	 0.010
6820 	 0.000
6851 	 0.000
6852 	 0.010
6853 	 0.000
6890 	 0.000
6891 	 0.010
6892 	 0.000
6919 	 0.000
6920 	 0.010
6921 	 0.000
6925 	 0.000
6926 	 0.010
6927 	 0.000
6957 	 0.000
6958 	 0.010
6959 	 0.000
6961 	 0.000
6962 	 0.010
6963 	 0.000
6969 	 0.000
6970 	 0.010
6971 	 0.000
6992 	 0.000
6993 	 0.010
6994 	 0.000
7005 	 0.000
7006 	 0.010
7007 	 0.000
7012 	 0.000
7013 	 0.010
7014 	 0.000
7030 	 0.000
7031 	 0.010
7032 	 0.000
7047 	 0.000
7048 	 0.010
7049 	 0.000
7071 	 0.000
7072 	 0.010
7073 	 0.000
7086 	 0.000
7087 	 0.010
7088 	 0.010
7089 	 0.000
7099 	 0.000
7100 	 0.010
7101 	 0.010
7102 	 0.000
7138 	 0.000
7139 	 0.010
7140 	 0.000
7162 	 0.000
7163 	 0.010
7164 	 0.000
7235 	 0.000
7236 	 0.010
7237 	 0.000
7240 	 0.000
7241 	 0.010
7242 	 0.000
7246 	 0.000
7247 	 0.010
7248 	 0.000
7257 	 0.000
7258 	 0.010
7259 	 0.000
7329 	 0.000
7330 	 0.010
7331 	 0.000
7357 	 0.000
7358 	 0.010
7359 	 0.000
7398 	 0.000
7399 	 0.010
7400 	 0.000
7406 	 0.000
7407 	 0.010
7408 	 0.000
7424 	 0.000
7425 	 0.010
7426 	 0.000
7431 	 0.000
7432 	 0.010
7433 	 0.000
7448 	 0.000
7449 	 0.010
7450 	 0.000
7469 	 0.000
7470 	 0.010
7471 	 0.000
7475 	 0.000
7476 	 0.010
7477 	 0.000
7488 	 0.000
7489 	 0.010
7490 	 0.000
7501 	 0.000
7502 	 0.010
7503 	 0.000
7504 	 0.000
7505 	 0.010
7506 	 0.000
7507 	 0.000
7508 	 0.010
7509 	 0.000
7517 	 0.000
7518 	 0.010
7519 	 0.000
7549 	 0.000
7550 	 0.010
7551 	 0.000
7577 	 0.000
7578 	 0.010
7579 	 0.000
7600 	 0.000
7601 	 0.020
7602 	 0.000
7615 	 0.000
7616 	 0.010
7617 	 0.000
7620 	 0.000
7621 	 0.010
7622 	 0.000
7626 	 0.000
7627 	 0.010
7628 	 0.000
7641 	 0.000
7642 	 0.010
7643 	 0.000
7670 	 0.000
7671 	 0.010
7672 	 0.000
7691 	 0.000
7692 	 0.010
7693 	 0.000
7694 	 0.010
7695 	 0.010
7696 	 0.000
7761 	 0.000
7762 	 0.010
7763 	 0.000
7779 	 0.000
7780 	 0.010
7781 	 0.000
7845 	 0.000
7846 	 0.010
7847 	 0.000
7858 	 0.000
7859 	 0.010
7860 	 0.000
7885 	 0.000
7886 	 0.010
7887 	 0.000
7934 	 0.000
7935 	 0.010
7936 	 0.000
7957 	 0.000
7958 	 0.010
7959 	 0.000
7960 	 0.000
7961 	 0.010
7962 	 0.000
8023 	 0.000
8024 	 0.010
8025 	 0.000
8026 	 0.010
8027 	 0.000
8042 	 0.000
8043 	 0.010
8044 	 0.000
8065 	 0.000
8066 	 0.010
8067 	 0.000
8099 	 0.000
8100 	 0.010
8101 	 0.000
8102 	 0.010
8103 	 0.000
8116 	 0.000
8117 	 0.010
8118 	 0.000
8127 	 0.000
8128 	 0.010
8129 	 0.000
8182 	 0.000
8183 	 0.010
8184 	 0.000
8187 	 0.000
8188 	 0.010
8189 	 0.000
8224 	 0.000
8225 	 0.010
8226 	 0.000
8251 	 0.000
8252 	 0.010
8253 	 0.000
8265 	 0.000
8266 	 0.010
8267 	 0.000
8272 	 0.000
8273 	 0.010
8274 	 0.000
8327 	 0.000
8328 	 0.010
8329 	 0.000
8387 	 0.000
8388 	 0.010
8389 	 0.000
8442 	 0.000
8443 	 0.010
8444 	 0.000
8469 	 0.000
8470 	 0.010
8471 	 0.000
8508 	 0.000
8509 	 0.010
8510 	 0.000
8518 	 0.000
8519 	 0.010
8520 	 0.000
8524 	 0.000
8525 	 0.010
8526 	 0.000
8570 	 0.000
8571 	 0.010
8572 	 0.000
8592 	 0.000
8593 	 0.010
8594 	 0.000
8601 	 0.000
8602 	 0.010
8603 	 0.000
8629 	 0.000
8630 	 0.010
8631 	 0.000
8638 	 0.000
8639 	 0.010
8640 	 0.000
8642 	 0.000
8643 	 0.010
8644 	 0.010
8645 	 0.000
8650 	 0.000
8651 	 0.010
8652 	 0.000
8679 	 0.000
8680 	 0.010
8681 	 0.000
8708 	 0.000
8709 	 0.010
8710 	 0.000
8718 	 0.000
8719 	 0.010
8720 	 0.000
8749 	 0.000
8750 	 0.010
8751 	 0.000
8754 	 0.000
8755 	 0.010
8756 	 0.000
8784 	 0.000
8785 	 0.010
8786 	 0.000
8804 	 0.000
8805 	 0.010
8806 	 0.000
8848 	 0.000
8849 	 0.010
8850 	 0.000
8867 	 0.000
8868 	 0.010
8869 	 0.000
8898 	 0.000
8899 	 0.010
8900 	 0.000
8942 	 0.000
8943 	 0.010
8944 	 0.010
8945 	 0.000
8973 	 0.000
8974 	 0.010
8975 	 0.000
8990 	 0.000
8991 	 0.010
8992 	 0.000
9009 	 0.000
9010 	 0.010
9011 	 0.000
9052 	 0.000
9053 	 0.010
9054 	 0.000
9056 	 0.000
9057 	 0.010
9058 	 0.000
9077 	 0.000
9078 	 0.010
9079 	 0.000
9122 	 0.000
9123 	 0.010
9124 	 0.000
9129 	 0.000
9130 	 0.010
9131 	 0.000
9140 	 0.000
9141 	 0.010
9142 	 0.010
9143 	 0.000
9220 	 0.000
9221 	 0.010
9222 	 0.000
9233 	 0.000
9234 	 0.010
9235 	 0.000
9256 	 0.000
9257 	 0.010
9258 	 0.000
9316 	 0.000
9317 	 0.010
9318 	 0.000
9370 	 0.000
9371 	 0.010
9372 	 0.000
9375 	 0.000
9376 	 0.010
9377 	 0.000
9443 	 0.000
9444 	 0.010
9445 	 0.010
9446 	 0.000
9469 	 0.000
9470 	 0.010
9471 	 0.000
9525 	 0.000
9526 	 0.010
9527 	 0.000
9564 	 0.000
9565 	 0.010
9566 	 0.000
9576 	 0.000
9577 	 0.010
9578 	 0.000
9621 	 0.000
9622 	 0.010
9623 	 0.000
9656 	 0.000
9657 	 0.010
9658 	 0.000
9670 	 0.000
9671 	 0.010
9672 	 0.000
9679 	 0.000
9680 	 0.010
9681 	 0.000
9686 	 0.000
9687 	 0.010
9688 	 0.010
9689 	 0.000
9724 	 0.000
9725 	 0.020
9726 	 0.000
9734 	 0.000
9735 	 0.010
9736 	 0.000
9797 	 0.000
9798 	 0.010
9799 	 0.000
9853 	 0.000
9854 	 0.010
9855 	 0.000
9877 	 0.000
9878 	 0.010
9879 	 0.000
9915 	 0.000
9916 	 0.010
9917 	 0.000
10104 	 0.000
10105 	 0.010
10106 	 0.010
10107 	 0.000
10119 	 0.000
10120 	 0.020
10121 	 0.000
10206 	 0.000
10207 	 0.010
10208 	 0.000
10210 	 0.000
10211 	 0.010
10212 	 0.000
10219 	 0.000
10220 	 0.010
10221 	 0.000
10267 	 0.000
10268 	 0.010
10269 	 0.000
10335 	 0.000
10336 	 0.010
10337 	 0.000
10351 	 0.000
10352 	 0.010
10353 	 0.000
10359 	 0.000
10360 	 0.010
10361 	 0.000
10395 	 0.000
10396 	 0.010
10397 	 0.000
10419 	 0.000
10420 	 0.010
10421 	 0.000
10469 	 0.000
10470 	 0.010
10471 	 0.000
10474 	 0.000
10475 	 0.010
10476 	 0.000
10477 	 0.000
10478 	 0.010
10479 	 0.000
10523 	 0.000
10524 	 0.010
10525 	 0.000
10526 	 0.000
10527 	 0.010
10528 	 0.000
10547 	 0.000
10548 	 0.010
10549 	 0.000
10559 	 0.000
10560 	 0.010
10561 	 0.000
10585 	 0.000
10586 	 0.010
10587 	 0.000
10622 	 0.000
10623 	 0.010
10624 	 0.000
10658 	 0.000
10659 	 0.010
10660 	 0.000
10706 	 0.000
10707 	 0.010
10708 	 0.000
10735 	 0.000
10736 	 0.010
10737 	 0.000
10764 	 0.000
10765 	 0.010
10766 	 0.000
10805 	 0.000
10806 	 0.010
10807 	 0.000
10834 	 0.000
10835 	 0.010
10836 	 0.010
10837 	 0.000
10860 	 0.000
10861 	 0.010
10862 	 0.000
10899 	 0.000
10900 	 0.010
10901 	 0.000
10968 	 0.000
10969 	 0.010
10970 	 0.000
10982 	 0.000
10983 	 0.010
10984 	 0.000
10996 	 0.000
10997 	 0.010
10998 	 0.000
11013 	 0.000
11014 	 0.010
11015 	 0.000
11017 	 0.000
11018 	 0.010
11019 	 0.000
11091 	 0.000
11092 	 0.010
11093 	 0.000
11277 	 0.000
11278 	 0.010
11279 	 0.000
11327 	 0.000
11328 	 0.010
11329 	 0.000
11330 	 0.010
11331 	 0.000
11369 	 0.000
11370 	 0.010
11371 	 0.010
11372 	 0.000
11453 	 0.000
11454 	 0.010
11455 	 0.000
11483 	 0.000
11484 	 0.010
11485 	 0.000
11520 	 0.000
11521 	 0.010
11522 	 0.000
11532 	 0.000
11533 	 0.010
11534 	 0.000
11537 	 0.000
11538 	 0.010
11539 	 0.010
11540 	 0.010
11541 	 0.000
11542 	 0.010
11543 	 0.000
11619 	 0.000
11620 	 0.010
11621 	 0.000
11637 	 0.000
11638 	 0.010
11639 	 0.000
11660 	 0.000
11661 	 0.010
11662 	 0.000
11667 	 0.000
11668 	 0.010
11669 	 0.000
11716 	 0.000
11717 	 0.010
11718 	 0.000
11723 	 0.000
11724 	 0.010
11725 	 0.000
11776 	 0.000
11777 	 0.010
11778 	 0.000
11786 	 0.000
11787 	 0.010
11788 	 0.000
11789 	 0.000
11790 	 0.010
11791 	 0.000
11842 	 0.000
11843 	 0.010
11844 	 0.000
11872 	 0.000
11873 	 0.010
11874 	 0.000
11928 	 0.000
11929 	 0.010
11930 	 0.000
11953 	 0.000
11954 	 0.010
11955 	 0.000
11993 	 0.000
11994 	 0.010
11995 	 0.000
12041 	 0.000
12042 	 0.010
12043 	 0.000
12061 	 0.000
12062 	 0.010
12063 	 0.000
12067 	 0.000
12068 	 0.010
12069 	 0.000
12096 	 0.000
12097 	 0.010
12098 	 0.000
12126 	 0.000
12127 	 0.010
12128 	 0.000
12146 	 0.000
12147 	 0.010
12148 	 0.000
12157 	 0.000
12158 	 0.010
12159 	 0.000
12186 	 0.000
12187 	 0.010
12188 	 0.000
12229 	 0.000
12230 	 0.010
12231 	 0.000
12245 	 0.000
12246 	 0.010
12247 	 0.000
12297 	 0.000
12298 	 0.010
12299 	 0.000
12406 	 0.000
12407 	 0.010
12408 	 0.000
12452 	 0.000
12453 	 0.010
12454 	 0.000
12485 	 0.000
12486 	 0.010
12487 	 0.000
12515 	 0.000
12516 	 0.010
12517 	 0.000
12548 	 0.000
12549 	 0.010
12550 	 0.000
12615 	 0.000
12616 	 0.010
12617 	 0.000
12692 	 0.000
12693 	 0.010
12694 	 0.000
12718 	 0.000
12719 	 0.010
12720 	 0.000
12814 	 0.000
12815 	 0.010
12816 	 0.000
12820 	 0.000
12821 	 0.010
12822 	 0.000
12972 	 0.000
12973 	 0.010
12974 	 0.010
12975 	 0.000
13001 	 0.000
13002 	 0.010
13003 	 0.000
13004 	 0.010
13005 	 0.010
13006 	 0.000
13076 	 0.000
13077 	 0.010
13078 	 0.000
13119 	 0.000
13120 	 0.010
13121 	 0.000
13181 	 0.000
13182 	 0.010
13183 	 0.000
13184 	 0.010
13185 	 0.000
13226 	 0.000
13227 	 0.010
13228 	 0.000
13248 	 0.000
13249 	 0.010
13250 	 0.000
13319 	 0.000
13320 	 0.010
13321 	 0.000
13324 	 0.000
13325 	 0.010
13326 	 0.000
13413 	 0.000
13414 	 0.010
13415 	 0.000
13459 	 0.000
13460 	 0.010
13461 	 0.000
13561 	 0.000
13562 	 0.010
13563 	 0.000
13621 	 0.000
13622 	 0.010
13623 	 0.000
13672 	 0.000
13673 	 0.010
13674 	 0.000
13762 	 0.000
13763 	 0.010
13764 	 0.000
13791 	 0.000
13792 	 0.010
13793 	 0.000
13828 	 0.000
13829 	 0.010
13830 	 0.000
13881 	 0.000
13882 	 0.010
13883 	 0.000
13910 	 0.000
13911 	 0.010
13912 	 0.000
13938 	 0.000
13939 	 0.010
13940 	 0.000
13980 	 0.000
13981 	 0.010
13982 	 0.000
14000 	 0.000
14001 	 0.010
14002 	 0.000
14052 	 0.000
14053 	 0.010
14054 	 0.000
14109 	 0.000
14110 	 0.010
14111 	 0.000
14144 	 0.000
14145 	 0.010
14146 	 0.000
14150 	 0.000
14151 	 0.010
14152 	 0.000
14171 	 0.000
14172 	 0.010
14173 	 0.000
14176 	 0.000
14177 	 0.010
14178 	 0.000
14187 	 0.000
14188 	 0.010
14189 	 0.000
14192 	 0.000
14193 	 0.010
14194 	 0.000
14256 	 0.000
14257 	 0.010
14258 	 0.000
14340 	 0.000
14341 	 0.010
14342 	 0.000
14376 	 0.000
14377 	 0.010
14378 	 0.000
14518 	 0.000
14519 	 0.010
14520 	 0.000
14628 	 0.000
14629 	 0.010
14630 	 0.000
14751 	 0.000
14752 	 0.010
14753 	 0.000
14798 	 0.000
14799 	 0.010
14800 	 0.000
15160 	 0.000
15161 	 0.010
15162 	 0.000
15215 	 0.000
15216 	 0.010
15217 	 0.000
15358 	 0.000
15359 	 0.010
15360 	 0.000
15414 	 0.000
15415 	 0.010
15416 	 0.000
15425 	 0.000
15426 	 0.010
15427 	 0.000
15613 	 0.000
15614 	 0.010
15615 	 0.000
15619 	 0.000
15620 	 0.010
15621 	 0.000
15689 	 0.000
15690 	 0.010
15691 	 0.000
15724 	 0.000
15725 	 0.010
15726 	 0.000
15792 	 0.000
15793 	 0.010
15794 	 0.000
15805 	 0.000
15806 	 0.010
15807 	 0.000
15853 	 0.000
15854 	 0.010
15855 	 0.000
15869 	 0.000
15870 	 0.010
15871 	 0.000
15895 	 0.000
15896 	 0.010
15897 	 0.000
15904 	 0.000
15905 	 0.010
15906 	 0.000
15960 	 0.000
15961 	 0.010
15962 	 0.000
15964 	 0.000
15965 	 0.010
15966 	 0.000
15997 	 0.000
15998 	 0.010
15999 	 0.000
16025 	 0.000
16026 	 0.010
16027 	 0.000
16130 	 0.000
16131 	 0.010
16132 	 0.000
16296 	 0.000
16297 	 0.010
16298 	 0.010
16299 	 0.000
16337 	 0.000
16338 	 0.010
16339 	 0.000
16341 	 0.000
16342 	 0.010
16343 	 0.000
16452 	 0.000
16453 	 0.010
16454 	 0.000
16457 	 0.000
16458 	 0.010
16459 	 0.000
16578 	 0.000
16579 	 0.010
16580 	 0.000
16637 	 0.000
16638 	 0.010
16639 	 0.000
16723 	 0.000
16724 	 0.010
16725 	 0.000
16752 	 0.000
16753 	 0.010
16754 	 0.000
16835 	 0.000
16836 	 0.010
16837 	 0.000
16844 	 0.000
16845 	 0.010
16846 	 0.000
16943 	 0.000
16944 	 0.010
16945 	 0.000
16977 	 0.000
16978 	 0.010
16979 	 0.000
16983 	 0.000
16984 	 0.010
16985 	 0.000
17042 	 0.000
17043 	 0.010
17044 	 0.000
17045 	 0.000
17046 	 0.010
17047 	 0.000
17215 	 0.000
17216 	 0.010
17217 	 0.000
17299 	 0.000
17300 	 0.010
17301 	 0.000
17386 	 0.000
17387 	 0.010
17388 	 0.000
17441 	 0.000
17442 	 0.010
17443 	 0.000
17566 	 0.000
17567 	 0.010
17568 	 0.000
17654 	 0.000
17655 	 0.010
17656 	 0.000
17877 	 0.000
17878 	 0.010
17879 	 0.000
17912 	 0.000
17913 	 0.010
17914 	 0.000
18044 	 0.000
18045 	 0.010
18046 	 0.000
18109 	 0.000
18110 	 0.010
18111 	 0.000
18277 	 0.000
18278 	 0.010
18279 	 0.000
18428 	 0.000
18429 	 0.010
18430 	 0.000
18469 	 0.000
18470 	 0.010
18471 	 0.000
18587 	 0.000
18588 	 0.010
18589 	 0.000
18730 	 0.000
18731 	 0.010
18732 	 0.000
18749 	 0.000
18750 	 0.010
18751 	 0.000
18927 	 0.000
18928 	 0.010
18929 	 0.000
18959 	 0.000
18960 	 0.010
18961 	 0.000
19148 	 0.000
19149 	 0.010
19150 	 0.000
19186 	 0.000
19187 	 0.010
19188 	 0.000
19332 	 0.000
19333 	 0.010
19334 	 0.000
19437 	 0.000
19438 	 0.010
19439 	 0.000
19477 	 0.000
19478 	 0.010
19479 	 0.000
19783 	 0.000
19784 	 0.010
19785 	 0.000
19868 	 0.000
19869 	 0.010
19870 	 0.000
19886 	 0.000
19887 	 0.010
19888 	 0.000
20130 	 0.000
20131 	 0.010
20132 	 0.000
20158 	 0.000
20159 	 0.010
20160 	 0.000
20178 	 0.000
20179 	 0.010
20180 	 0.000
20289 	 0.000
20290 	 0.010
20291 	 0.000
20301 	 0.000
20302 	 0.010
20303 	 0.000
20323 	 0.000
20324 	 0.010
20325 	 0.000
20326 	 0.000
20327 	 0.010
20328 	 0.000
20335 	 0.000
20336 	 0.010
20337 	 0.000
20343 	 0.000
20344 	 0.010
20345 	 0.000
20547 	 0.000
20548 	 0.010
20549 	 0.000
20731 	 0.000
20732 	 0.010
20733 	 0.000
20784 	 0.000
20785 	 0.010
20786 	 0.000
20851 	 0.000
20852 	 0.010
20853 	 0.000
20872 	 0.000
20873 	 0.010
20874 	 0.000
20894 	 0.000
20895 	 0.010
20896 	 0.000
20908 	 0.000
20909 	 0.010
20910 	 0.000
20959 	 0.000
20960 	 0.010
20961 	 0.000
21148 	 0.000
21149 	 0.010
21150 	 0.000
21217 	 0.000
21218 	 0.010
21219 	 0.000
21249 	 0.000
21250 	 0.010
21251 	 0.000
21502 	 0.000
21503 	 0.010
21504 	 0.000
21524 	 0.000
21525 	 0.010
21526 	 0.000
21588 	 0.000
21589 	 0.010
21590 	 0.000
21604 	 0.000
21605 	 0.010
21606 	 0.000
21712 	 0.000
21713 	 0.010
21714 	 0.000
21726 	 0.000
21727 	 0.010
21728 	 0.000
21967 	 0.000
21968 	 0.010
21969 	 0.000
22114 	 0.000
22115 	 0.010
22116 	 0.000
22433 	 0.000
22434 	 0.010
22435 	 0.000
22463 	 0.000
22464 	 0.010
22465 	 0.000
22478 	 0.000
22479 	 0.010
22480 	 0.000
22611 	 0.000
22612 	 0.010
22613 	 0.000
22622 	 0.000
22623 	 0.010
22624 	 0.000
22768 	 0.000
22769 	 0.010
22770 	 0.000
22863 	 0.000
22864 	 0.010
22865 	 0.000
22937 	 0.000
22938 	 0.010
22939 	 0.000
22979 	 0.000
22980 	 0.010
22981 	 0.000
23033 	 0.000
23034 	 0.010
23035 	 0.000
23065 	 0.000
23066 	 0.010
23067 	 0.000
23068 	 0.010
23069 	 0.000
23155 	 0.000
23156 	 0.010
23157 	 0.000
23446 	 0.000
23447 	 0.010
23448 	 0.000
23642 	 0.000
23643 	 0.010
23644 	 0.000
23848 	 0.000
23849 	 0.010
23850 	 0.000
23987 	 0.000
23988 	 0.010
23989 	 0.000
24346 	 0.000
24347 	 0.010
24348 	 0.000
24568 	 0.000
24569 	 0.010
24570 	 0.000
24572 	 0.000
24573 	 0.010
24574 	 0.000
24576 	 0.000
24577 	 0.010
24578 	 0.000
24641 	 0.000
24642 	 0.010
24643 	 0.000
24682 	 0.000
24683 	 0.010
24684 	 0.000
24901 	 0.000
24902 	 0.010
24903 	 0.000
25100 	 0.000
25101 	 0.010
25102 	 0.000
25172 	 0.000
25173 	 0.010
25174 	 0.000
25691 	 0.000
25692 	 0.010
25693 	 0.000
25807 	 0.000
25808 	 0.010
25809 	 0.000
25888 	 0.000
25889 	 0.010
25890 	 0.000
25989 	 0.000
25990 	 0.010
25991 	 0.000
26168 	 0.000
26169 	 0.010
26170 	 0.000
26260 	 0.000
26261 	 0.010
26262 	 0.000
26322 	 0.000
26323 	 0.010
26324 	 0.000
26346 	 0.000
26347 	 0.010
26348 	 0.000
26391 	 0.000
26392 	 0.010
26393 	 0.000
26682 	 0.000
26683 	 0.010
26684 	 0.000
26693 	 0.000
26694 	 0.010
26695 	 0.000
26725 	 0.000
26726 	 0.010
26727 	 0.000
26815 	 0.000
26816 	 0.010
26817 	 0.000
27217 	 0.000
27218 	 0.010
27219 	 0.000
27283 	 0.000
27284 	 0.010
27285 	 0.000
27367 	 0.000
27368 	 0.010
27369 	 0.000
27609 	 0.000
27610 	 0.010
27611 	 0.000
27949 	 0.000
27950 	 0.010
27951 	 0.000
27976 	 0.000
27977 	 0.010
27978 	 0.000
28120 	 0.000
28121 	 0.010
28122 	 0.000
28349 	 0.000
28350 	 0.010
28351 	 0.000
28472 	 0.000
28473 	 0.010
28474 	 0.000
28489 	 0.000
28490 	 0.010
28491 	 0.000
28784 	 0.000
28785 	 0.010
28786 	 0.000
29014 	 0.000
29015 	 0.010
29016 	 0.000
29588 	 0.000
29589 	 0.010
29590 	 0.000
29750 	 0.000
29751 	 0.010
29752 	 0.000
29912 	 0.000
29913 	 0.010
29914 	 0.000
30592 	 0.000
30593 	 0.010
30594 	 0.000
31346 	 0.000
31347 	 0.010
31348 	 0.000
31580 	 0.000
31581 	 0.010
31582 	 0.000
31746 	 0.000
31747 	 0.010
31748 	 0.000
31808 	 0.000
31809 	 0.010
31810 	 0.000
32170 	 0.000
32171 	 0.010
32172 	 0.000
32577 	 0.000
32578 	 0.010
32579 	 0.000
32751 	 0.000
32752 	 0.010
32753 	 0.000
32760 	 0.000
32761 	 0.010
32762 	 0.000
33215 	 0.000
33216 	 0.010
33217 	 0.000
33431 	 0.000
33432 	 0.010
33433 	 0.000
33520 	 0.000
33521 	 0.010
33522 	 0.000
33685 	 0.000
33686 	 0.010
33687 	 0.000
33767 	 0.000
33768 	 0.010
33769 	 0.000
33966 	 0.000
33967 	 0.010
33968 	 0.000
34100 	 0.000
34101 	 0.010
34102 	 0.000
34103 	 0.000
34104 	 0.010
34105 	 0.000
34144 	 0.000
34145 	 0.010
34146 	 0.000
34379 	 0.000
34380 	 0.010
34381 	 0.000
35112 	 0.000
35113 	 0.010
35114 	 0.000
35686 	 0.000
35687 	 0.010
35688 	 0.000
36013 	 0.000
36014 	 0.010
36015 	 0.000
36365 	 0.000
36366 	 0.010
36367 	 0.000
36617 	 0.000
36618 	 0.010
36619 	 0.000
36743 	 0.000
36744 	 0.010
36745 	 0.000
36917 	 0.000
36918 	 0.010
36919 	 0.000
37534 	 0.000
37535 	 0.010
37536 	 0.000
37965 	 0.000
37966 	 0.010
37967 	 0.000
37973 	 0.000
37974 	 0.010
37975 	 0.000
37989 	 0.000
37990 	 0.010
37991 	 0.000
38017 	 0.000
38018 	 0.010
38019 	 0.000
38090 	 0.000
38091 	 0.010
38092 	 0.000
38469 	 0.000
38470 	 0.010
38471 	 0.000
38483 	 0.000
38484 	 0.010
38485 	 0.000
39272 	 0.000
39273 	 0.010
39274 	 0.000
39305 	 0.000
39306 	 0.010
39307 	 0.000
39310 	 0.000
39311 	 0.010
39312 	 0.000
40391 	 0.000
40392 	 0.010
40393 	 0.000
40432 	 0.000
40433 	 0.010
40434 	 0.000
40807 	 0.000
40808 	 0.010
40809 	 0.000
41418 	 0.000
41419 	 0.010
41420 	 0.000
41463 	 0.000
41464 	 0.010
41465 	 0.000
42515 	 0.000
42516 	 0.010
42517 	 0.000
43035 	 0.000
43036 	 0.010
43037 	 0.000
43796 	 0.000
43797 	 0.010
43798 	 0.000
44098 	 0.000
44099 	 0.010
44100 	 0.000
44363 	 0.000
44364 	 0.010
44365 	 0.000
44594 	 0.000
44595 	 0.010
44596 	 0.000
45463 	 0.000
45464 	 0.010
45465 	 0.000
45764 	 0.000
45765 	 0.010
45766 	 0.000
45979 	 0.000
45980 	 0.010
45981 	 0.000
46076 	 0.000
46077 	 0.010
46078 	 0.000
46186 	 0.000
46187 	 0.010
46188 	 0.000
46226 	 0.000
46227 	 0.010
46228 	 0.000
46229 	 0.010
46230 	 0.000
46261 	 0.000
46262 	 0.010
46263 	 0.000
46426 	 0.000
46427 	 0.010
46428 	 0.000
46478 	 0.000
46479 	 0.010
46480 	 0.000
46621 	 0.000
46622 	 0.010
46623 	 0.000
47261 	 0.000
47262 	 0.010
47263 	 0.000
48232 	 0.000
48233 	 0.010
48234 	 0.000
48347 	 0.000
48348 	 0.010
48349 	 0.000
49546 	 0.000
49547 	 0.010
49548 	 0.000
50334 	 0.000
50335 	 0.010
50336 	 0.000
51001 	 0.000
51002 	 0.010
51003 	 0.000
51917 	 0.000
51918 	 0.010
51919 	 0.000
52362 	 0.000
52363 	 0.010
52364 	 0.000
52481 	 0.000
52482 	 0.010
52483 	 0.000
53135 	 0.000
53136 	 0.010
53137 	 0.000
53487 	 0.000
53488 	 0.010
53489 	 0.000
54667 	 0.000
54668 	 0.010
54669 	 0.000
54792 	 0.000
54793 	 0.010
54794 	 0.000
55012 	 0.000
55013 	 0.010
55014 	 0.000
55151 	 0.000
55152 	 0.010
55153 	 0.000
55552 	 0.000
55553 	 0.010
55554 	 0.000
55732 	 0.000
55733 	 0.010
55734 	 0.000
56637 	 0.000
56638 	 0.010
56639 	 0.000
57670 	 0.000
57671 	 0.010
57672 	 0.000
57916 	 0.000
57917 	 0.010
57918 	 0.000
58833 	 0.000
58834 	 0.010
58835 	 0.000
58837 	 0.000
58838 	 0.010
58839 	 0.000
59707 	 0.000
59708 	 0.010
59709 	 0.000
59865 	 0.000
59866 	 0.010
59867 	 0.000
60269 	 0.000
60270 	 0.010
60271 	 0.000
60279 	 0.000
60280 	 0.010
60281 	 0.000
60291 	 0.000
60292 	 0.010
60293 	 0.000
60387 	 0.000
60388 	 0.010
60389 	 0.000
60606 	 0.000
60607 	 0.010
60608 	 0.000
60667 	 0.000
60668 	 0.010
60669 	 0.000
60891 	 0.000
60892 	 0.010
60893 	 0.000
61797 	 0.000
61798 	 0.010
61799 	 0.000
62097 	 0.000
62098 	 0.010
62099 	 0.000
63758 	 0.000
63759 	 0.010
63760 	 0.000
65056 	 0.000
65057 	 0.010
65058 	 0.000
65801 	 0.000
65802 	 0.010
65803 	 0.000
65916 	 0.000
65917 	 0.010
65918 	 0.000
66104 	 0.000
66105 	 0.010
66106 	 0.000
67883 	 0.000
67884 	 0.010
67885 	 0.000
67961 	 0.000
67962 	 0.010
67963 	 0.000
68085 	 0.000
68086 	 0.010
68087 	 0.000
68162 	 0.000
68163 	 0.010
68164 	 0.000
68579 	 0.000
68580 	 0.010
68581 	 0.000
70439 	 0.000
70440 	 0.010
70441 	 0.000
71747 	 0.000
71748 	 0.010
71749 	 0.000
72460 	 0.000
72461 	 0.010
72462 	 0.000
73049 	 0.000
73050 	 0.010
73051 	 0.000
73658 	 0.000
73659 	 0.010
73660 	 0.000
75622 	 0.000
75623 	 0.010
75624 	 0.000
75798 	 0.000
75799 	 0.010
75800 	 0.000
76114 	 0.000
76115 	 0.010
76116 	 0.000
82880 	 0.000
82881 	 0.010
82882 	 0.000
82899 	 0.000
82900 	 0.010
82901 	 0.000
84491 	 0.000
84492 	 0.010
84493 	 0.000
84529 	 0.000
84530 	 0.010
84531 	 0.000
84656 	 0.000
84657 	 0.010
84658 	 0.000
86149 	 0.000
86150 	 0.010
86151 	 0.000
86315 	 0.000
86316 	 0.010
86317 	 0.000
86860 	 0.000
86861 	 0.010
86862 	 0.000
86993 	 0.000
86994 	 0.010
86995 	 0.000
88478 	 0.000
88479 	 0.010
88480 	 0.000
89644 	 0.000
89645 	 0.010
89646 	 0.000
89759 	 0.000
89760 	 0.010
89761 	 0.000
89782 	 0.000
89783 	 0.010
89784 	 0.000
90163 	 0.000
90164 	 0.010
90165 	 0.000
90516 	 0.000
90517 	 0.010
90518 	 0.000
91143 	 0.000
91144 	 0.010
91145 	 0.000
91855 	 0.000
91856 	 0.010
91857 	 0.000
92094 	 0.000
92095 	 0.010
92096 	 0.000
92548 	 0.000
92549 	 0.010
92550 	 0.000
93178 	 0.000
93179 	 0.010
93180 	 0.000
93278 	 0.000
93279 	 0.010
93280 	 0.000
94388 	 0.000
94389 	 0.010
94390 	 0.000
94786 	 0.000
94787 	 0.010
94788 	 0.000
95401 	 0.000
95402 	 0.010
95403 	 0.000
96927 	 0.000
96928 	 0.010
96929 	 0.000
97308 	 0.000
97309 	 0.010
97310 	 0.000
99916 	 0.000
99917 	 0.010
99918 	 0.000
100913 	 0.000
100914 	 0.010
100915 	 0.000
101730 	 0.000
101731 	 0.010
101732 	 0.000
102362 	 0.000
102363 	 0.010
102364 	 0.000
102415 	 0.000
102416 	 0.010
102417 	 0.000
102712 	 0.000
102713 	 0.010
102714 	 0.000
104322 	 0.000
104323 	 0.010
104324 	 0.000
108013 	 0.000
108014 	 0.010
108015 	 0.000
108742 	 0.000
108743 	 0.010
108744 	 0.000
109555 	 0.000
109556 	 0.010
109557 	 0.000
109598 	 0.000
109599 	 0.010
109600 	 0.000
111044 	 0.000
111045 	 0.010
111046 	 0.000
114669 	 0.000
114670 	 0.010
114671 	 0.000
115382 	 0.000
115383 	 0.010
115384 	 0.000
115527 	 0.000
115528 	 0.010
115529 	 0.000
115688 	 0.000
115689 	 0.010
115690 	 0.000
117535 	 0.000
117536 	 0.010
117537 	 0.000
121107 	 0.000
121108 	 0.010
121109 	 0.000
122707 	 0.000
122708 	 0.010
122709 	 0.000
125275 	 0.000
125276 	 0.010
125277 	 0.000
127651 	 0.000
127652 	 0.010
127653 	 0.000
127693 	 0.000
127694 	 0.010
127695 	 0.000
130972 	 0.000
130973 	 0.010
130974 	 0.000
133245 	 0.000
133246 	 0.010
133247 	 0.000
134289 	 0.000
134290 	 0.010
134291 	 0.000
136452 	 0.000
136453 	 0.010
136454 	 0.000
137764 	 0.000
137765 	 0.010
137766 	 0.000
140686 	 0.000
140687 	 0.010
140688 	 0.000
141270 	 0.000
141271 	 0.010
141272 	 0.000
142065 	 0.000
142066 	 0.010
142067 	 0.000
142288 	 0.000
142289 	 0.010
142290 	 0.000
144130 	 0.000
144131 	 0.010
144132 	 0.000
145807 	 0.000
145808 	 0.010
145809 	 0.000
146644 	 0.000
146645 	 0.010
146646 	 0.000
150339 	 0.000
150340 	 0.010
150341 	 0.000
150536 	 0.000
150537 	 0.010
150538 	 0.000
150659 	 0.000
150660 	 0.010
150661 	 0.000
151360 	 0.000
151361 	 0.010
151362 	 0.000
151830 	 0.000
151831 	 0.010
151832 	 0.000
152990 	 0.000
152991 	 0.010
152992 	 0.000
154018 	 0.000
154019 	 0.010
154020 	 0.000
156327 	 0.000
156328 	 0.010
156329 	 0.000
159780 	 0.000
159781 	 0.010
159782 	 0.000
162766 	 0.000
162767 	 0.010
162768 	 0.000
163451 	 0.000
163452 	 0.010
163453 	 0.000
169984 	 0.000
169985 	 0.010
169986 	 0.000
172996 	 0.000
172997 	 0.010
172998 	 0.000
174156 	 0.000
174157 	 0.010
174158 	 0.000
174705 	 0.000
174706 	 0.010
174707 	 0.000
175025 	 0.000
175026 	 0.010
175027 	 0.000
178268 	 0.000
178269 	 0.010
178270 	 0.000
183661 	 0.000
183662 	 0.010
183663 	 0.000
187804 	 0.000
187805 	 0.010
187806 	 0.000
190439 	 0.000
190440 	 0.010
190441 	 0.000
196134 	 0.000
196135 	 0.010
196136 	 0.000
200422 	 0.000
200423 	 0.010
200424 	 0.000
202709 	 0.000
202710 	 0.010
202711 	 0.000
203471 	 0.000
203472 	 0.010
203473 	 0.000
207600 	 0.000
207601 	 0.010
207602 	 0.000
208908 	 0.000
208909 	 0.010
208910 	 0.000
210161 	 0.000
210162 	 0.010
210163 	 0.000
211512 	 0.000
211513 	 0.010
211514 	 0.000
212892 	 0.000
212893 	 0.010
212894 	 0.000
216958 	 0.000
216959 	 0.010
216960 	 0.000
221649 	 0.000
221650 	 0.010
221651 	 0.000
223500 	 0.000
223501 	 0.010
223502 	 0.000
225872 	 0.000
225873 	 0.010
225874 	 0.000
230243 	 0.000
230244 	 0.010
230245 	 0.000
230448 	 0.000
230449 	 0.010
230450 	 0.000
232196 	 0.000
232197 	 0.010
232198 	 0.000
234978 	 0.000
234979 	 0.010
234980 	 0.000
239381 	 0.000
239382 	 0.010
239383 	 0.000
244314 	 0.000
244315 	 0.010
244316 	 0.000
244733 	 0.000
244734 	 0.010
244735 	 0.000
246841 	 0.000
246842 	 0.010
246843 	 0.000
247891 	 0.000
247892 	 0.010
247893 	 0.000
248322 	 0.000
248323 	 0.010
248324 	 0.000
251705 	 0.000
251706 	 0.010
251707 	 0.000
251991 	 0.000
251992 	 0.010
251993 	 0.000
257652 	 0.000
257653 	 0.010
257654 	 0.000
268738 	 0.000
268739 	 0.010
268740 	 0.000
272058 	 0.000
272059 	 0.010
272060 	 0.000
272102 	 0.000
272103 	 0.010
272104 	 0.000
272979 	 0.000
272980 	 0.010
272981 	 0.000
273473 	 0.000
273474 	 0.010
273475 	 0.000
276022 	 0.000
276023 	 0.010
276024 	 0.000
281233 	 0.000
281234 	 0.010
281235 	 0.000
297113 	 0.000
297114 	 0.010
297115 	 0.000
303416 	 0.000
303417 	 0.010
303418 	 0.000
303668 	 0.000
303669 	 0.010
303670 	 0.000
305983 	 0.000
305984 	 0.010
305985 	 0.000
