# Xorshift64* seed is 3320887331077580372
# Matrix size is 1000 x 1000
# Probability of a cell to be non-empty is 51.000000%
# Collecting statistics over 100 iterations
# Size Count CountPerIteration
1 	 9175.720
2 	 2880.700
3 	 1504.390
4 	 916.390
5 	 613.440
6 	 445.970
7 	 332.010
8 	 259.280
9 	 209.380
10 	 170.090
11 	 142.540
12 	 119.830
13 	 102.010
14 	 86.700
15 	 75.870
16 	 67.920
17 	 60.580
18 	 54.130
19 	 47.690
20 	 44.090
21 	 39.880
22 	 36.150
23 	 32.790
24 	 29.800
25 	 28.220
26 	 25.670
27 	 23.620
28 	 23.090
29 	 21.090
30 	 19.670
31 	 18.220
32 	 17.310
33 	 16.180
34 	 16.060
35 	 14.040
36 	 13.520
37 	 12.890
38 	 12.400
39 	 11.110
40 	 10.560
41 	 10.380
42 	 9.190
43 	 9.070
44 	 8.920
45 	 8.180
46 	 8.560
47 	 7.260
48 	 6.910
49 	 6.770
50 	 6.360
51 	 6.320
52 	 6.420
53 	 6.130
54 	 5.760
55 	 5.550
56 	 5.160
57 	 4.990
58 	 5.070
59 	 4.270
60 	 5.060
61 	 4.360
62 	 4.320
63 	 4.150
64 	 3.960
65 	 4.060
66 	 4.020
67 	 3.700
68 	 3.200
69 	 3.310
70 	 3.230
71 	 3.320
72 	 2.720
73 	 2.850
74 	 3.160
75 	 2.840
76 	 2.780
77 	 2.760
78 	 2.640
79 	 2.780
80 	 2.580
81 	 2.470
82 	 2.220
83 	 2.130
84 	 2.110
85 	 2.220
86 	 2.190
87 	 1.920
88 	 1.810
89 	 1.920
90 	 2.060
91 	 1.970
92 	 2.040
93 	 1.930
94 	 1.990
95 	 1.520
96 	 1.680
97 	 1.520
98 	 1.500
99 	 1.630
100 	 1.540
101 	 1.610
102 	 1.620
103 	 1.420
104 	 1.310
105 	 1.250
106 	 1.400
107 	 1.400
108 	 1.380
109 	 1.310
110 	 1.460
111 	 1.310
112 	 1.190
113 	 1.070
114 	 1.130
115 	 1.310
116 	 1.180
117 	 1.060
118 	 1.060
119 	 1.020
120 	 0.980
121 	 0.960
122 	 1.000
123 	 0.940
124 	 0.810
125 	 1.100
126 	 0.910
127 	 0.890
128 	 0.920
129 	 0.770
130 	 0.860
131 	 0.750
132 	 0.800
133 	 0.770
134 	 0.730
135 	 0.840
136 	 0.800
137 	 0.830
138 	 0.900
139 	 0.660
140 	 0.780
141 	 0.640
142 	 0.780
143 	 0.610
144 	 0.640
145 	 0.750
146 	 0.640
147 	 0.680
148 	 0.730
149 	 0.710
150 	 0.660
151 	 0.680
152 	 0.580
153 	 0.580
154 	 0.660
155 	 0.630
156 	 0.550
157 	 0.640
158 	 0.400
159 	 0.640
160 	 0.500
161 	 0.480
162 	 0.510
163 	 0.640
164 	 0.500
165 	 0.530
166 	 0.580
167 	 0.530
168 	 0.490
169 	 0.470
170 	 0.500
171 	 0.530
172 	 0.480
173 	 0.510
174 	 0.580
175 	 0.520
176 	 0.650
177 	 0.450
178 	 0.550
179 	 0.360
180 	 0.430
181 	 0.410
182 	 0.500
183 	 0.430
184 	 0.430
185 	 0.330
186 	 0.450
187 	 0.400
188 	 0.310
189 	 0.310
190 	 0.390
191 	 0.290
192 	 0.360
193 	 0.380
194 	 0.220
195 	 0.270
196 	 0.390
197 	 0.460
198 	 0.280
199 	 0.270
200 	 0.330
201 	 0.330
202 	 0.270
203 	 0.360
204 	 0.290
205 	 0.340
206 	 0.370
207 	 0.390
208 	 0.350
209 	 0.330
210 	 0.350
211 	 0.410
212 	 0.360
213 	 0.270
214 	 0.230
215 	 0.200
216 	 0.310
217 	 0.300
218 	 0.230
219 	 0.270
220 	 0.330
221 	 0.220
222 	 0.290
223 	 0.320
224 	 0.320
225 	 0.270
226 	 0.270
227 	 0.280
228 	 0.270
229 	 0.260
230 	 0.200
231 	 0.250
232 	 0.210
233 	 0.240
234 	 0.260
235 	 0.270
236 	 0.170
237 	 0.230
238 	 0.340
239 	 0.190
240 	 0.360
241 	 0.220
242 	 0.210
243 	 0.340
244 	 0.270
245 	 0.200
246 	 0.290
247 	 0.270
248 	 0.190
249 	 0.300
250 	 0.260
251 	 0.230
252 	 0.160
253 	 0.190
254 	 0.180
255 	 0.180
256 	 0.250
257 	 0.260
258 	 0.240
259 	 0.120
260 	 0.190
261 	 0.260
262 	 0.170
263 	 0.220
264 	 0.240
265 	 0.150
266 	 0.060
267 	 0.250
268 	 0.190
269 	 0.110
270 	 0.190
271 	 0.140
272 	 0.160
273 	 0.130
274 	 0.210
275 	 0.170
276 	 0.130
277 	 0.160
278 	 0.160
279 	 0.170
280 	 0.140
281 	 0.180
282 	 0.240
283 	 0.110
284 	 0.210
285 	 0.190
286 	 0.120
287 	 0.140
288 	 0.190
289 	 0.180
290 	 0.180
291 	 0.140
292 	 0.130
293 	 0.180
294 	 0.150
295 	 0.120
296 	 0.220
297 	 0.120
298 	 0.130
299 	 0.120
300 	 0.090
301 	 0.130
302 	 0.160
303 	 0.110
304 	 0.160
305 	 0.120
306 	 0.190
307 	 0.160
308 	 0.150
309 	 0.120
310 	 0.120
311 	 0.110
312 	 0.080
313 	 0.090
314 	 0.110
315 	 0.120
316 	 0.110
317 	 0.160
318 	 0.120
319 	 0.160
320 	 0.090
321 	 0.220
322 	 0.110
323 	 0.070
324 	 0.100
325 	 0.120
326 	 0.140
327 	 0.080
328 	 0.080
329 	 0.210
330 	 0.150
331 	 0.050
332 	 0.150
333 	 0.140
334 	 0.140
335 	 0.070
336 	 0.070
337 	 0.110
338 	 0.150
339 	 0.100
340 	 0.130
341 	 0.130
342 	 0.070
343 	 0.060
344 	 0.120
345 	 0.160
346 	 0.120
347 	 0.090
348 	 0.080
349 	 0.120
350 	 0.140
351 	 0.060
352 	 0.090
353 	 0.140
354 	 0.090
355 	 0.140
356 	 0.050
357 	 0.080
358 	 0.140
359 	 0.100
360 	 0.160
361 	 0.070
362 	 0.050
363 	 0.040
364 	 0.130
365 	 0.070
366 	 0.140
367 	 0.120
368 	 0.090
369 	 0.080
370 	 0.110
371 	 0.100
372 	 0.070
373 	 0.070
374 	 0.080
375 	 0.050
376 	 0.080
377 	 0.080
378 	 0.090
379 	 0.050
380 	 0.130
381 	 0.060
382 	 0.060
383 	 0.040
384 	 0.090
385 	 0.130
386 	 0.060
387 	 0.050
388 	 0.160
389 	 0.070
390 	 0.090
391 	 0.070
392 	 0.090
393 	 0.050
394 	 0.050
395 	 0.080
396 	 0.140
397 	 0.080
398 	 0.100
399 	 0.110
400 	 0.060
401 	 0.070
402 	 0.100
403 	 0.060
404 	 0.090
405 	 0.090
406 	 0.070
407 	 0.140
408 	 0.080
409 	 0.040
410 	 0.040
411 	 0.090
412 	 0.080
413 	 0.080
414 	 0.050
415 	 0.070
416 	 0.070
417 	 0.070
418 	 0.080
419 	 0.050
420 	 0.040
421 	 0.090
422 	 0.040
423 	 0.080
424 	 0.120
425 	 0.020
426 	 0.070
427 	 0.040
428 	 0.080
429 	 0.010
430 	 0.060
431 	 0.050
432 	 0.070
433 	 0.120
434 	 0.060
435 	 0.090
436 	 0.100
437 	 0.040
438 	 0.060
439 	 0.060
440 	 0.040
441 	 0.080
442 	 0.080
443 	 0.070
444 	 0.010
445 	 0.070
446 	 0.070
447 	 0.040
448 	 0.030
449 	 0.100
450 	 0.030
451 	 0.040
452 	 0.020
453 	 0.060
454 	 0.070
455 	 0.080
456 	 0.020
457 	 0.050
458 	 0.030
459 	 0.070
460 	 0.050
461 	 0.040
462 	 0.020
463 	 0.120
464 	 0.070
465 	 0.070
466 	 0.020
467 	 0.040
468 	 0.030
469 	 0.050
470 	 0.050
471 	 0.050
472 	 0.050
473 	 0.020
474 	 0.050
475 	 0.100
476 	 0.110
477 	 0.050
478 	 0.060
479 	 0.010
480 	 0.100
481 	 0.040
482 	 0.040
483 	 0.050
484 	 0.070
485 	 0.040
486 	 0.030
487 	 0.070
488 	 0.030
489 	 0.040
490 	 0.040
491 	 0.040
492 	 0.070
493 	 0.050
494 	 0.080
495 	 0.000
496 	 0.050
497 	 0.080
498 	 0.050
499 	 0.060
500 	 0.030
501 	 0.090
502 	 0.050
503 	 0.040
504 	 0.060
505 	 0.030
506 	 0.040
507 	 0.030
508 	 0.050
509 	 0.020
510 	 0.060
511 	 0.010
512 	 0.040
513 	 0.060
514 	 0.030
515 	 0.040
516 	 0.040
517 	 0.010
518 	 0.040
519 	 0.050
520 	 0.030
521 	 0.040
522 	 0.050
523 	 0.050
524 	 0.060
525 	 0.020
526 	 0.040
527 	 0.040
528 	 0.070
529 	 0.040
530 	 0.030
531 	 0.060
532 	 0.030
533 	 0.070
534 	 0.060
535 	 0.020
536 	 0.010
537 	 0.040
538 	 0.040
539 	 0.010
540 	 0.030
541 	 0.030
542 	 0.030
543 	 0.040
544 	 0.040
545 	 0.070
546 	 0.040
547 	 0.030
548 	 0.070
549 	 0.040
550 	 0.020
551 	 0.020
552 	 0.030
553 	 0.020
554 	 0.010
555 	 0.040
556 	 0.030
557 	 0.030
558 	 0.050
559 	 0.000
560 	 0.040
561 	 0.050
562 	 0.040
563 	 0.050
564 	 0.030
565 	 0.040
566 	 0.060
567 	 0.040
568 	 0.060
569 	 0.030
570 	 0.100
571 	 0.050
572 	 0.020
573 	 0.020
574 	 0.030
575 	 0.040
576 	 0.040
577 	 0.030
578 	 0.040
579 	 0.010
580 	 0.060
581 	 0.040
582 	 0.040
583 	 0.020
584 	 0.040
585 	 0.040
586 	 0.060
587 	 0.060
588 	 0.040
589 	 0.030
590 	 0.010
591 	 0.020
592 	 0.040
593 	 0.010
594 	 0.040
595 	 0.000
596 	 0.010
597 	 0.030
598 	 0.030
599 	 0.050
600 	 0.050
601 	 0.030
602 	 0.030
603 	 0.020
604 	 0.010
605 	 0.020
606 	 0.040
607 	 0.000
608 	 0.040
609 	 0.000
610 	 0.020
611 	 0.030
612 	 0.040
613 	 0.010
614 	 0.030
615 	 0.030
616 	 0.030
617 	 0.050
618 	 0.040
619 	 0.030
620 	 0.030
621 	 0.040
622 	 0.050
623 	 0.020
624 	 0.030
625 	 0.040
626 	 0.030
627 	 0.010
628 	 0.010
629 	 0.020
630 	 0.060
631 	 0.030
632 	 0.030
633 	 0.000
634 	 0.050
635 	 0.030
636 	 0.030
637 	 0.030
638 	 0.010
639 	 0.010
640 	 0.040
641 	 0.010
642 	 0.020
643 	 0.010
644 	 0.010
645 	 0.050
646 	 0.060
647 	 0.030
648 	 0.000
649 	 0.040
650 	 0.010
651 	 0.020
652 	 0.010
653 	 0.030
654 	 0.010
655 	 0.020
656 	 0.040
657 	 0.030
658 	 0.020
659 	 0.030
660 	 0.010
661 	 0.000
662 	 0.020
663 	 0.030
664 	 0.040
665 	 0.020
666 	 0.030
667 	 0.010
668 	 0.000
669 	 0.010
670 	 0.050
671 	 0.020
672 	 0.030
673 	 0.050
674 	 0.030
675 	 0.040
676 	 0.010
677 	 0.050
678 	 0.050
679 	 0.000
680 	 0.000
681 	 0.020
682 	 0.000
683 	 0.040
684 	 0.050
685 	 0.050
686 	 0.030
687 	 0.030
688 	 0.010
689 	 0.010
690 	 0.050
691 	 0.010
692 	 0.040
693 	 0.040
694 	 0.000
695 	 0.040
696 	 0.000
697 	 0.010
698 	 0.060
699 	 0.040
700 	 0.010
701 	 0.020
702 	 0.020
703 	 0.010
704 	 0.010
705 	 0.030
706 	 0.010
707 	 0.040
708 	 0.010
709 	 0.030
710 	 0.020
711 	 0.030
712 	 0.000
713 	 0.000
714 	 0.010
715 	 0.020
716 	 0.030
717 	 0.020
718 	 0.000
719 	 0.020
720 	 0.030
721 	 0.060
722 	 0.000
723 	 0.020
724 	 0.030
725 	 0.030
726 	 0.000
727 	 0.010
728 	 0.010
729 	 0.060
730 	 0.020
731 	 0.040
732 	 0.010
733 	 0.010
734 	 0.020
735 	 0.030
736 	 0.040
737 	 0.030
738 	 0.040
739 	 0.010
740 	 0.030
741 	 0.050
742 	 0.030
743 	 0.000
744 	 0.010
745 	 0.030
746 	 0.030
747 	 0.020
748 	 0.020
749 	 0.010
750 	 0.030
751 	 0.040
752 	 0.010
753 	 0.010
754 	 0.030
755 	 0.030
756 	 0.010
757 	 0.010
758 	 0.010
759 	 0.000
760 	 0.010
761 	 0.000
762 	 0.020
763 	 0.030
764 	 0.030
765 	 0.000
766 	 0.030
767 	 0.020
768 	 0.000
769 	 0.010
770 	 0.010
771 	 0.030
772 	 0.020
773 	 0.010
774 	 0.020
775 	 0.060
776 	 0.020
777 	 0.030
778 	 0.020
779 	 0.010
780 	 0.020
781 	 0.040
782 	 0.030
783 	 0.010
784 	 0.030
785 	 0.020
786 	 0.000
787 	 0.020
788 	 0.010
789 	 0.020
790 	 0.030
791 	 0.000
792 	 0.020
793 	 0.020
794 	 0.020
795 	 0.010
796 	 0.010
797 	 0.030
798 	 0.040
799 	 0.030
800 	 0.020
801 	 0.050
802 	 0.000
803 	 0.010
804 	 0.010
805 	 0.010
806 	 0.020
807 	 0.000
808 	 0.010
809 	 0.020
810 	 0.020
811 	 0.000
812 	 0.030
813 	 0.020
814 	 0.010
815 	 0.020
816 	 0.020
817 	 0.020
818 	 0.000
819 	 0.000
820 	 0.010
821 	 0.020
822 	 0.040
823 	 0.000
826 	 0.000
827 	 0.010
828 	 0.030
829 	 0.000
830 	 0.010
831 	 0.020
832 	 0.000
833 	 0.010
834 	 0.010
835 	 0.020
836 	 0.000
837 	 0.020
838 	 0.000
839 	 0.010
840 	 0.040
841 	 0.030
842 	 0.000
843 	 0.020
844 	 0.000
845 	 0.030
846 	 0.010
847 	 0.000
848 	 0.020
849 	 0.000
850 	 0.000
851 	 0.030
852 	 0.000
853 	 0.020
854 	 0.000
858 	 0.000
859 	 0.020
860 	 0.010
861 	 0.000
862 	 0.020
863 	 0.020
864 	 0.020
865 	 0.020
866 	 0.010
867 	 0.000
868 	 0.010
869 	 0.010
870 	 0.010
871 	 0.010
872 	 0.030
873 	 0.010
874 	 0.030
875 	 0.010
876 	 0.040
877 	 0.010
878 	 0.010
879 	 0.000
880 	 0.000
881 	 0.010
882 	 0.010
883 	 0.010
884 	 0.010
885 	 0.020
886 	 0.010
887 	 0.030
888 	 0.000
889 	 0.020
890 	 0.010
891 	 0.030
892 	 0.010
893 	 0.010
894 	 0.020
895 	 0.020
896 	 0.000
897 	 0.000
898 	 0.010
899 	 0.010
900 	 0.010
901 	 0.010
902 	 0.000
903 	 0.020
904 	 0.010
905 	 0.010
906 	 0.000
907 	 0.020
908 	 0.010
909 	 0.020
910 	 0.020
911 	 0.000
912 	 0.020
913 	 0.000
914 	 0.020
915 	 0.030
916 	 0.000
917 	 0.000
918 	 0.010
919 	 0.020
920 	 0.010
921 	 0.010
922 	 0.020
923 	 0.030
924 	 0.010
925 	 0.000
926 	 0.010
927 	 0.010
928 	 0.000
929 	 0.020
930 	 0.010
931 	 0.010
932 	 0.010
933 	 0.000
934 	 0.030
935 	 0.000
936 	 0.010
937 	 0.000
938 	 0.000
939 	 0.010
940 	 0.000
941 	 0.040
942 	 0.020
943 	 0.020
944 	 0.010
945 	 0.020
946 	 0.010
947 	 0.030
948 	 0.010
949 	 0.010
950 	 0.000
951 	 0.010
952 	 0.000
953 	 0.030
954 	 0.010
955 	 0.020
956 	 0.020
957 	 0.010
958 	 0.000
959 	 0.010
960 	 0.010
961 	 0.010
962 	 0.010
963 	 0.020
964 	 0.010
965 	 0.000
966 	 0.010
967 	 0.010
968 	 0.000
969 	 0.000
970 	 0.030
971 	 0.000
972 	 0.000
973 	 0.010
974 	 0.020
975 	 0.010
976 	 0.000
977 	 0.030
978 	 0.010
979 	 0.000
980 	 0.010
981 	 0.010
982 	 0.010
983 	 0.010
984 	 0.000
985 	 0.020
986 	 0.010
987 	 0.010
988 	 0.010
989 	 0.010
990 	 0.010
991 	 0.010
992 	 0.000
993 	 0.010
994 	 0.000
996 	 0.000
997 	 0.040
998 	 0.020
999 	 0.020
1000 	 0.000
1001 	 0.010
1002 	 0.010
1003 	 0.000
1004 	 0.000
1005 	 0.020
1006 	 0.020
1007 	 0.000
1008 	 0.010
1009 	 0.010
1010 	 0.020
1011 	 0.010
1012 	 0.030
1013 	 0.000
1014 	 0.020
1015 	 0.010
1016 	 0.000
1017 	 0.010
1018 	 0.000
1019 	 0.020
1020 	 0.000
1021 	 0.010
1022 	 0.010
1023 	 0.020
1024 	 0.000
1025 	 0.000
1026 	 0.010
1027 	 0.000
1029 	 0.000
1030 	 0.010
1031 	 0.020
1032 	 0.010
1033 	 0.020
1034 	 0.000
1035 	 0.010
1036 	 0.020
1037 	 0.000
1038 	 0.020
1039 	 0.000
1040 	 0.010
1041 	 0.000
1043 	 0.000
1044 	 0.010
1045 	 0.000
1046 	 0.010
1047 	 0.010
1048 	 0.000
1049 	 0.010
1050 	 0.000
1055 	 0.000
1056 	 0.040
1057 	 0.010
1058 	 0.000
1059 	 0.000
1060 	 0.010
1061 	 0.030
1062 	 0.000
1065 	 0.000
1066 	 0.020
1067 	 0.010
1068 	 0.010
1069 	 0.010
1070 	 0.000
1071 	 0.000
1072 	 0.010
1073 	 0.010
1074 	 0.000
1076 	 0.000
1077 	 0.010
1078 	 0.010
1079 	 0.000
1081 	 0.000
1082 	 0.010
1083 	 0.000
1084 	 0.010
1085 	 0.020
1086 	 0.010
1087 	 0.000
1088 	 0.010
1089 	 0.010
1090 	 0.010
1091 	 0.000
1092 	 0.010
1093 	 0.000
1094 	 0.020
1095 	 0.000
1096 	 0.010
1097 	 0.000
1098 	 0.050
1099 	 0.010
1100 	 0.010
1101 	 0.020
1102 	 0.010
1103 	 0.000
1104 	 0.000
1105 	 0.010
1106 	 0.030
1107 	 0.010
1108 	 0.030
1109 	 0.000
1110 	 0.010
1111 	 0.010
1112 	 0.010
1113 	 0.010
1114 	 0.000
1115 	 0.000
1116 	 0.010
1117 	 0.030
1118 	 0.000
1119 	 0.000
1120 	 0.030
1121 	 0.010
1122 	 0.020
1123 	 0.010
1124 	 0.000
1125 	 0.010
1126 	 0.000
1127 	 0.010
1128 	 0.000
1129 	 0.020
1130 	 0.000
1131 	 0.000
1132 	 0.010
1133 	 0.000
1134 	 0.000
1135 	 0.010
1136 	 0.020
1137 	 0.000
1138 	 0.020
1139 	 0.010
1140 	 0.000
1141 	 0.010
1142 	 0.010
1143 	 0.010
1144 	 0.010
1145 	 0.000
1146 	 0.000
1147 	 0.010
1148 	 0.030
1149 	 0.010
1150 	 0.010
1151 	 0.000
1152 	 0.010
1153 	 0.010
1154 	 0.000
1155 	 0.010
1156 	 0.010
1157 	 0.000
1158 	 0.000
1159 	 0.010
1160 	 0.020
1161 	 0.000
1162 	 0.000
1163 	 0.030
1164 	 0.010
1165 	 0.000
1166 	 0.020
1167 	 0.010
1168 	 0.010
1169 	 0.010
1170 	 0.000
1171 	 0.020
1172 	 0.000
1173 	 0.000
1174 	 0.020
1175 	 0.000
1176 	 0.000
1177 	 0.020
1178 	 0.000
1180 	 0.000
1181 	 0.030
1182 	 0.020
1183 	 0.020
1184 	 0.010
1185 	 0.020
1186 	 0.000
1187 	 0.020
1188 	 0.010
1189 	 0.000
1190 	 0.000
1191 	 0.010
1192 	 0.000
1195 	 0.000
1196 	 0.010
1197 	 0.000
1198 	 0.020
1199 	 0.000
1200 	 0.010
1201 	 0.010
1202 	 0.000
1203 	 0.010
1204 	 0.000
1205 	 0.010
1206 	 0.010
1207 	 0.010
1208 	 0.020
1209 	 0.000
1210 	 0.030
1211 	 0.010
1212 	 0.000
1213 	 0.010
1214 	 0.000
1218 	 0.000
1219 	 0.010
1220 	 0.010
1221 	 0.000
1222 	 0.010
1223 	 0.000
1224 	 0.040
1225 	 0.010
1226 	 0.000
1227 	 0.010
1228 	 0.010
1229 	 0.020
1230 	 0.010
1231 	 0.010
1232 	 0.010
1233 	 0.000
1234 	 0.010
1235 	 0.000
1236 	 0.000
1237 	 0.010
1238 	 0.010
1239 	 0.000
1240 	 0.010
1241 	 0.010
1242 	 0.010
1243 	 0.000
1244 	 0.020
1245 	 0.000
1246 	 0.010
1247 	 0.000
1248 	 0.010
1249 	 0.010
1250 	 0.000
1251 	 0.000
1252 	 0.010
1253 	 0.000
1254 	 0.010
1255 	 0.010
1256 	 0.000
1260 	 0.000
1261 	 0.010
1262 	 0.010
1263 	 0.010
1264 	 0.000
1265 	 0.000
1266 	 0.010
1267 	 0.020
1268 	 0.010
1269 	 0.000
1270 	 0.010
1271 	 0.010
1272 	 0.000
1275 	 0.000
1276 	 0.020
1277 	 0.000
1278 	 0.010
1279 	 0.000
1280 	 0.000
1281 	 0.010
1282 	 0.010
1283 	 0.000
1284 	 0.010
1285 	 0.000
1286 	 0.020
1287 	 0.000
1288 	 0.010
1289 	 0.000
1290 	 0.010
1291 	 0.000
1292 	 0.010
1293 	 0.010
1294 	 0.000
1296 	 0.000
1297 	 0.010
1298 	 0.000
1299 	 0.010
1300 	 0.000
1301 	 0.000
1302 	 0.010
1303 	 0.000
1304 	 0.010
1305 	 0.000
1306 	 0.010
1307 	 0.020
1308 	 0.010
1309 	 0.010
1310 	 0.000
1311 	 0.010
1312 	 0.010
1313 	 0.000
1315 	 0.000
1316 	 0.010
1317 	 0.010
1318 	 0.000
1319 	 0.010
1320 	 0.010
1321 	 0.010
1322 	 0.000
1323 	 0.010
1324 	 0.000
1325 	 0.000
1326 	 0.010
1327 	 0.000
1328 	 0.000
1329 	 0.010
1330 	 0.010
1331 	 0.000
1332 	 0.000
1333 	 0.010
1334 	 0.000
1336 	 0.000
1337 	 0.010
1338 	 0.000
1340 	 0.000
1341 	 0.010
1342 	 0.010
1343 	 0.000
1344 	 0.010
1345 	 0.000
1347 	 0.000
1348 	 0.010
1349 	 0.000
1352 	 0.000
1353 	 0.010
1354 	 0.000
1355 	 0.020
1356 	 0.030
1357 	 0.000
1358 	 0.020
1359 	 0.000
1362 	 0.000
1363 	 0.010
1364 	 0.000
1365 	 0.000
1366 	 0.010
1367 	 0.000
1368 	 0.020
1369 	 0.010
1370 	 0.000
1374 	 0.000
1375 	 0.020
1376 	 0.000
1382 	 0.000
1383 	 0.010
1384 	 0.000
1387 	 0.000
1388 	 0.010
1389 	 0.020
1390 	 0.000
1392 	 0.000
1393 	 0.010
1394 	 0.000
1397 	 0.000
1398 	 0.010
1399 	 0.010
1400 	 0.020
1401 	 0.000
1402 	 0.010
1403 	 0.000
1405 	 0.000
1406 	 0.020
1407 	 0.010
1408 	 0.020
1409 	 0.020
1410 	 0.010
1411 	 0.000
1412 	 0.020
1413 	 0.000
1414 	 0.010
1415 	 0.000
1417 	 0.000
1418 	 0.010
1419 	 0.000
1420 	 0.020
1421 	 0.000
1425 	 0.000
1426 	 0.010
1427 	 0.000
1430 	 0.000
1431 	 0.010
1432 	 0.000
1440 	 0.000
1441 	 0.010
1442 	 0.000
1443 	 0.000
1444 	 0.010
1445 	 0.000
1446 	 0.000
1447 	 0.010
1448 	 0.010
1449 	 0.010
1450 	 0.010
1451 	 0.000
1452 	 0.000
1453 	 0.010
1454 	 0.000
1457 	 0.000
1458 	 0.010
1459 	 0.000
1460 	 0.000
1461 	 0.020
1462 	 0.000
1463 	 0.010
1464 	 0.000
1468 	 0.000
1469 	 0.020
1470 	 0.010
1471 	 0.000
1473 	 0.000
1474 	 0.010
1475 	 0.000
1476 	 0.000
1477 	 0.010
1478 	 0.020
1479 	 0.010
1480 	 0.000
1481 	 0.010
1482 	 0.020
1483 	 0.010
1484 	 0.010
1485 	 0.000
1493 	 0.000
1494 	 0.010
1495 	 0.000
1503 	 0.000
1504 	 0.010
1505 	 0.000
1509 	 0.000
1510 	 0.020
1511 	 0.000
1512 	 0.000
1513 	 0.010
1514 	 0.000
1517 	 0.000
1518 	 0.010
1519 	 0.000
1520 	 0.010
1521 	 0.000
1522 	 0.020
1523 	 0.000
1526 	 0.000
1527 	 0.020
1528 	 0.000
1538 	 0.000
1539 	 0.010
1540 	 0.000
1541 	 0.020
1542 	 0.000
1547 	 0.000
1548 	 0.010
1549 	 0.010
1550 	 0.020
1551 	 0.000
1552 	 0.010
1553 	 0.000
1556 	 0.000
1557 	 0.020
1558 	 0.000
1559 	 0.000
1560 	 0.010
1561 	 0.010
1562 	 0.000
1564 	 0.000
1565 	 0.010
1566 	 0.010
1567 	 0.000
1570 	 0.000
1571 	 0.010
1572 	 0.000
1578 	 0.000
1579 	 0.010
1580 	 0.000
1581 	 0.010
1582 	 0.010
1583 	 0.010
1584 	 0.000
1591 	 0.000
1592 	 0.010
1593 	 0.020
1594 	 0.000
1605 	 0.000
1606 	 0.010
1607 	 0.010
1608 	 0.000
1609 	 0.010
1610 	 0.000
1614 	 0.000
1615 	 0.010
1616 	 0.000
1617 	 0.000
1618 	 0.020
1619 	 0.000
1620 	 0.000
1621 	 0.010
1622 	 0.000
1623 	 0.010
1624 	 0.020
1625 	 0.010
1626 	 0.010
1627 	 0.000
1628 	 0.010
1629 	 0.000
1630 	 0.000
1631 	 0.010
1632 	 0.010
1633 	 0.000
1636 	 0.000
1637 	 0.010
1638 	 0.000
1639 	 0.010
1640 	 0.000
1641 	 0.010
1642 	 0.000
1643 	 0.000
1644 	 0.010
1645 	 0.000
1652 	 0.000
1653 	 0.010
1654 	 0.000
1655 	 0.000
1656 	 0.010
1657 	 0.000
1658 	 0.010
1659 	 0.000
1664 	 0.000
1665 	 0.010
1666 	 0.000
1668 	 0.000
1669 	 0.010
1670 	 0.000
1675 	 0.000
1676 	 0.010
1677 	 0.000
1678 	 0.010
1679 	 0.000
1680 	 0.010
1681 	 0.010
1682 	 0.000
1689 	 0.000
1690 	 0.010
1691 	 0.000
1692 	 0.010
1693 	 0.010
1694 	 0.000
1695 	 0.010
1696 	 0.010
1697 	 0.000
1698 	 0.030
1699 	 0.000
1705 	 0.000
1706 	 0.010
1707 	 0.000
1708 	 0.000
1709 	 0.010
1710 	 0.000
1715 	 0.000
1716 	 0.020
1717 	 0.000
1721 	 0.000
1722 	 0.020
1723 	 0.000
1724 	 0.010
1725 	 0.000
1726 	 0.010
1727 	 0.000
1736 	 0.000
1737 	 0.010
1738 	 0.000
1740 	 0.000
1741 	 0.010
1742 	 0.000
1744 	 0.000
1745 	 0.010
1746 	 0.000
1747 	 0.010
1748 	 0.000
1749 	 0.020
1750 	 0.000
1752 	 0.000
1753 	 0.010
1754 	 0.000
1756 	 0.000
1757 	 0.010
1758 	 0.000
1762 	 0.000
1763 	 0.010
1764 	 0.000
1766 	 0.000
1767 	 0.010
1768 	 0.000
1771 	 0.000
1772 	 0.010
1773 	 0.010
1774 	 0.000
1775 	 0.010
1776 	 0.020
1777 	 0.000
1782 	 0.000
1783 	 0.010
1784 	 0.000
1786 	 0.000
1787 	 0.010
1788 	 0.000
1789 	 0.010
1790 	 0.000
1801 	 0.000
1802 	 0.010
1803 	 0.000
1804 	 0.010
1805 	 0.000
1812 	 0.000
1813 	 0.010
1814 	 0.000
1818 	 0.000
1819 	 0.010
1820 	 0.000
1824 	 0.000
1825 	 0.010
1826 	 0.000
1827 	 0.000
1828 	 0.010
1829 	 0.010
1830 	 0.000
1836 	 0.000
1837 	 0.010
1838 	 0.020
1839 	 0.000
1843 	 0.000
1844 	 0.010
1845 	 0.000
1846 	 0.010
1847 	 0.000
1850 	 0.000
1851 	 0.010
1852 	 0.000
1856 	 0.000
1857 	 0.010
1858 	 0.000
1866 	 0.000
1867 	 0.010
1868 	 0.000
1889 	 0.000
1890 	 0.010
1891 	 0.010
1892 	 0.000
1896 	 0.000
1897 	 0.010
1898 	 0.000
1899 	 0.000
1900 	 0.010
1901 	 0.000
1903 	 0.000
1904 	 0.010
1905 	 0.000
1907 	 0.000
1908 	 0.010
1909 	 0.000
1921 	 0.000
1922 	 0.010
1923 	 0.000
1935 	 0.000
1936 	 0.010
1937 	 0.020
1938 	 0.000
1945 	 0.000
1946 	 0.010
1947 	 0.000
1959 	 0.000
1960 	 0.020
1961 	 0.000
1962 	 0.010
1963 	 0.010
1964 	 0.000
1966 	 0.000
1967 	 0.010
1968 	 0.000
1969 	 0.010
1970 	 0.010
1971 	 0.010
1972 	 0.000
1981 	 0.000
1982 	 0.010
1983 	 0.000
1984 	 0.010
1985 	 0.000
2001 	 0.000
2002 	 0.010
2003 	 0.000
2004 	 0.010
2005 	 0.000
2006 	 0.000
2007 	 0.010
2008 	 0.000
2011 	 0.000
2012 	 0.010
2013 	 0.000
2019 	 0.000
2020 	 0.010
2021 	 0.000
2022 	 0.020
2023 	 0.000
2028 	 0.000
2029 	 0.010
2030 	 0.000
2031 	 0.010
2032 	 0.020
2033 	 0.000
2034 	 0.010
2035 	 0.010
2036 	 0.000
2040 	 0.000
2041 	 0.010
2042 	 0.000
2043 	 0.010
2044 	 0.000
2045 	 0.000
2046 	 0.010
2047 	 0.010
2048 	 0.000
2052 	 0.000
2053 	 0.010
2054 	 0.000
2057 	 0.000
2058 	 0.010
2059 	 0.000
2066 	 0.000
2067 	 0.010
2068 	 0.000
2070 	 0.000
2071 	 0.010
2072 	 0.000
2087 	 0.000
2088 	 0.010
2089 	 0.000
2099 	 0.000
2100 	 0.010
2101 	 0.010
2102 	 0.010
2103 	 0.000
2104 	 0.010
2105 	 0.000
2106 	 0.010
2107 	 0.000
2118 	 0.000
2119 	 0.010
2120 	 0.000
2121 	 0.010
2122 	 0.000
2128 	 0.000
2129 	 0.010
2130 	 0.000
2131 	 0.010
2132 	 0.000
2135 	 0.000
2136 	 0.010
2137 	 0.000
2158 	 0.000
2159 	 0.010
2160 	 0.000
2162 	 0.000
2163 	 0.010
2164 	 0.000
2169 	 0.000
2170 	 0.010
2171 	 0.000
2174 	 0.000
2175 	 0.010
2176 	 0.000
2179 	 0.000
2180 	 0.010
2181 	 0.010
2182 	 0.000
2199 	 0.000
2200 	 0.010
2201 	 0.000
2209 	 0.000
2210 	 0.010
2211 	 0.000
2212 	 0.010
2213 	 0.000
2217 	 0.000
2218 	 0.010
2219 	 0.000
2221 	 0.000
2222 	 0.010
2223 	 0.000
2224 	 0.010
2225 	 0.000
2247 	 0.000
2248 	 0.010
2249 	 0.000
2254 	 0.000
2255 	 0.010
2256 	 0.000
2280 	 0.000
2281 	 0.010
2282 	 0.000
2285 	 0.000
2286 	 0.010
2287 	 0.010
2288 	 0.000
2289 	 0.000
2290 	 0.010
2291 	 0.000
2292 	 0.000
2293 	 0.010
2294 	 0.000
2296 	 0.000
2297 	 0.010
2298 	 0.000
2300 	 0.000
2301 	 0.010
2302 	 0.010
2303 	 0.000
2304 	 0.010
2305 	 0.000
2319 	 0.000
2320 	 0.010
2321 	 0.000
2346 	 0.000
2347 	 0.010
2348 	 0.000
2369 	 0.000
2370 	 0.010
2371 	 0.000
2373 	 0.000
2374 	 0.010
2375 	 0.000
2381 	 0.000
2382 	 0.010
2383 	 0.000
2387 	 0.000
2388 	 0.010
2389 	 0.000
2398 	 0.000
2399 	 0.010
2400 	 0.010
2401 	 0.000
2405 	 0.000
2406 	 0.010
2407 	 0.000
2414 	 0.000
2415 	 0.010
2416 	 0.000
2417 	 0.000
2418 	 0.010
2419 	 0.000
2420 	 0.010
2421 	 0.000
2432 	 0.000
2433 	 0.010
2434 	 0.000
2471 	 0.000
2472 	 0.010
2473 	 0.000
2483 	 0.000
2484 	 0.010
2485 	 0.010
2486 	 0.000
2487 	 0.000
2488 	 0.010
2489 	 0.000
2491 	 0.000
2492 	 0.010
2493 	 0.000
2507 	 0.000
2508 	 0.010
2509 	 0.000
2521 	 0.000
2522 	 0.010
2523 	 0.000
2528 	 0.000
2529 	 0.010
2530 	 0.000
2541 	 0.000
2542 	 0.010
2543 	 0.000
2548 	 0.000
2549 	 0.010
2550 	 0.010
2551 	 0.000
2553 	 0.000
2554 	 0.010
2555 	 0.000
2566 	 0.000
2567 	 0.010
2568 	 0.000
2569 	 0.010
2570 	 0.000
2571 	 0.000
2572 	 0.010
2573 	 0.000
2575 	 0.000
2576 	 0.020
2577 	 0.000
2621 	 0.000
2622 	 0.020
2623 	 0.000
2624 	 0.000
2625 	 0.010
2626 	 0.000
2631 	 0.000
2632 	 0.010
2633 	 0.010
2634 	 0.000
2651 	 0.000
2652 	 0.010
2653 	 0.000
2670 	 0.000
2671 	 0.010
2672 	 0.000
2680 	 0.000
2681 	 0.010
2682 	 0.000
2696 	 0.000
2697 	 0.010
2698 	 0.000
2714 	 0.000
2715 	 0.010
2716 	 0.000
2722 	 0.000
2723 	 0.010
2724 	 0.000
2725 	 0.010
2726 	 0.000
2727 	 0.000
2728 	 0.010
2729 	 0.000
2737 	 0.000
2738 	 0.010
2739 	 0.000
2743 	 0.000
2744 	 0.010
2745 	 0.000
2758 	 0.000
2759 	 0.010
2760 	 0.000
2766 	 0.000
2767 	 0.010
2768 	 0.000
2794 	 0.000
2795 	 0.010
2796 	 0.000
2799 	 0.000
2800 	 0.010
2801 	 0.000
2831 	 0.000
2832 	 0.010
2833 	 0.000
2841 	 0.000
2842 	 0.010
2843 	 0.000
2854 	 0.000
2855 	 0.010
2856 	 0.000
2860 	 0.000
2861 	 0.010
2862 	 0.000
2863 	 0.010
2864 	 0.000
2874 	 0.000
2875 	 0.010
2876 	 0.000
2880 	 0.000
2881 	 0.010
2882 	 0.000
2895 	 0.000
2896 	 0.010
2897 	 0.000
2917 	 0.000
2918 	 0.010
2919 	 0.000
2928 	 0.000
2929 	 0.010
2930 	 0.000
2931 	 0.010
2932 	 0.000
2943 	 0.000
2944 	 0.010
2945 	 0.000
2947 	 0.000
2948 	 0.010
2949 	 0.000
3093 	 0.000
3094 	 0.010
3095 	 0.000
3107 	 0.000
3108 	 0.010
3109 	 0.000
3121 	 0.000
3122 	 0.010
3123 	 0.000
3132 	 0.000
3133 	 0.010
3134 	 0.010
3135 	 0.000
3142 	 0.000
3143 	 0.010
3144 	 0.000
3163 	 0.000
3164 	 0.010
3165 	 0.000
3178 	 0.000
3179 	 0.010
3180 	 0.000
3181 	 0.000
3182 	 0.010
3183 	 0.000
3199 	 0.000
3200 	 0.010
3201 	 0.000
3206 	 0.000
3207 	 0.010
3208 	 0.000
3215 	 0.000
3216 	 0.010
3217 	 0.000
3221 	 0.000
3222 	 0.010
3223 	 0.000
3230 	 0.000
3231 	 0.010
3232 	 0.000
3240 	 0.000
3241 	 0.010
3242 	 0.000
3246 	 0.000
3247 	 0.010
3248 	 0.000
3251 	 0.000
3252 	 0.010
3253 	 0.000
3287 	 0.000
3288 	 0.020
3289 	 0.000
3295 	 0.000
3296 	 0.010
3297 	 0.000
3326 	 0.000
3327 	 0.010
3328 	 0.000
3329 	 0.000
3330 	 0.010
3331 	 0.000
3342 	 0.000
3343 	 0.010
3344 	 0.000
3364 	 0.000
3365 	 0.010
3366 	 0.000
3395 	 0.000
3396 	 0.010
3397 	 0.000
3404 	 0.000
3405 	 0.010
3406 	 0.000
3436 	 0.000
3437 	 0.020
3438 	 0.000
3453 	 0.000
3454 	 0.010
3455 	 0.000
3456 	 0.000
3457 	 0.010
3458 	 0.000
3496 	 0.000
3497 	 0.010
3498 	 0.000
3504 	 0.000
3505 	 0.010
3506 	 0.000
3509 	 0.000
3510 	 0.010
3511 	 0.000
3528 	 0.000
3529 	 0.010
3530 	 0.000
3546 	 0.000
3547 	 0.010
3548 	 0.000
3565 	 0.000
3566 	 0.010
3567 	 0.000
3575 	 0.000
3576 	 0.010
3577 	 0.000
3582 	 0.000
3583 	 0.010
3584 	 0.000
3607 	 0.000
3608 	 0.010
3609 	 0.000
3636 	 0.000
3637 	 0.010
3638 	 0.000
3648 	 0.000
3649 	 0.010
3650 	 0.000
3667 	 0.000
3668 	 0.010
3669 	 0.000
3696 	 0.000
3697 	 0.010
3698 	 0.000
3712 	 0.000
3713 	 0.010
3714 	 0.000
3718 	 0.000
3719 	 0.010
3720 	 0.000
3739 	 0.000
3740 	 0.010
3741 	 0.000
3750 	 0.000
3751 	 0.010
3752 	 0.000
3858 	 0.000
3859 	 0.010
3860 	 0.000
3875 	 0.000
3876 	 0.010
3877 	 0.000
3910 	 0.000
3911 	 0.010
3912 	 0.000
3916 	 0.000
3917 	 0.010
3918 	 0.000
3937 	 0.000
3938 	 0.010
3939 	 0.000
3940 	 0.010
3941 	 0.000
3943 	 0.000
3944 	 0.010
3945 	 0.000
3949 	 0.000
3950 	 0.010
3951 	 0.000
3952 	 0.010
3953 	 0.000
3958 	 0.000
3959 	 0.010
3960 	 0.000
3962 	 0.000
3963 	 0.010
3964 	 0.000
3991 	 0.000
3992 	 0.010
3993 	 0.000
4017 	 0.000
4018 	 0.010
4019 	 0.000
4033 	 0.000
4034 	 0.010
4035 	 0.000
4078 	 0.000
4079 	 0.010
4080 	 0.000
4092 	 0.000
4093 	 0.010
4094 	 0.000
4099 	 0.000
4100 	 0.010
4101 	 0.000
4105 	 0.000
4106 	 0.010
4107 	 0.000
4199 	 0.000
4200 	 0.010
4201 	 0.000
4204 	 0.000
4205 	 0.010
4206 	 0.000
4249 	 0.000
4250 	 0.010
4251 	 0.000
4263 	 0.000
4264 	 0.010
4265 	 0.000
4283 	 0.000
4284 	 0.010
4285 	 0.000
4299 	 0.000
4300 	 0.010
4301 	 0.000
4302 	 0.010
4303 	 0.000
4326 	 0.000
4327 	 0.010
4328 	 0.000
4383 	 0.000
4384 	 0.010
4385 	 0.000
4416 	 0.000
4417 	 0.010
4418 	 0.000
4430 	 0.000
4431 	 0.010
4432 	 0.000
4497 	 0.000
4498 	 0.010
4499 	 0.000
4525 	 0.000
4526 	 0.010
4527 	 0.000
4644 	 0.000
4645 	 0.010
4646 	 0.000
4652 	 0.000
4653 	 0.010
4654 	 0.000
4676 	 0.000
4677 	 0.020
4678 	 0.000
4683 	 0.000
4684 	 0.010
4685 	 0.000
4696 	 0.000
4697 	 0.010
4698 	 0.000
4700 	 0.000
4701 	 0.010
4702 	 0.000
4736 	 0.000
4737 	 0.010
4738 	 0.000
4750 	 0.000
4751 	 0.010
4752 	 0.000
4777 	 0.000
4778 	 0.010
4779 	 0.000
4787 	 0.000
4788 	 0.010
4789 	 0.000
4790 	 0.000
4791 	 0.010
4792 	 0.000
4821 	 0.000
4822 	 0.010
4823 	 0.000
5064 	 0.000
5065 	 0.010
5066 	 0.000
5099 	 0.000
5100 	 0.010
5101 	 0.000
5130 	 0.000
5131 	 0.010
5132 	 0.000
5173 	 0.000
5174 	 0.010
5175 	 0.000
5176 	 0.000
5177 	 0.010
5178 	 0.000
5337 	 0.000
5338 	 0.010
5339 	 0.010
5340 	 0.000
5348 	 0.000
5349 	 0.010
5350 	 0.000
5460 	 0.000
5461 	 0.010
5462 	 0.000
5687 	 0.000
5688 	 0.010
5689 	 0.000
5745 	 0.000
5746 	 0.010
5747 	 0.000
5851 	 0.000
5852 	 0.010
5853 	 0.000
6093 	 0.000
6094 	 0.010
6095 	 0.000
6109 	 0.000
6110 	 0.010
6111 	 0.000
6213 	 0.000
6214 	 0.010
6215 	 0.000
6284 	 0.000
6285 	 0.010
6286 	 0.000
6311 	 0.000
6312 	 0.010
6313 	 0.000
6325 	 0.000
6326 	 0.010
6327 	 0.000
6328 	 0.000
6329 	 0.010
6330 	 0.000
6438 	 0.000
6439 	 0.010
6440 	 0.000
6463 	 0.000
6464 	 0.010
6465 	 0.000
6509 	 0.000
6510 	 0.010
6511 	 0.000
6570 	 0.000
6571 	 0.010
6572 	 0.000
6601 	 0.000
6602 	 0.010
6603 	 0.000
6903 	 0.000
6904 	 0.010
6905 	 0.010
6906 	 0.000
6958 	 0.000
6959 	 0.010
6960 	 0.000
7171 	 0.000
7172 	 0.010
7173 	 0.000
7205 	 0.000
7206 	 0.010
7207 	 0.000
7307 	 0.000
7308 	 0.010
7309 	 0.000
7404 	 0.000
7405 	 0.010
7406 	 0.000
7427 	 0.000
7428 	 0.010
7429 	 0.000
7505 	 0.000
7506 	 0.010
7507 	 0.000
7674 	 0.000
7675 	 0.010
7676 	 0.000
7725 	 0.000
7726 	 0.010
7727 	 0.000
7865 	 0.000
7866 	 0.010
7867 	 0.000
7912 	 0.000
7913 	 0.010
7914 	 0.000
7975 	 0.000
7976 	 0.010
7977 	 0.000
8314 	 0.000
8315 	 0.010
8316 	 0.000
8354 	 0.000
8355 	 0.010
8356 	 0.000
8432 	 0.000
8433 	 0.010
8434 	 0.000
8612 	 0.000
8613 	 0.010
8614 	 0.000
8753 	 0.000
8754 	 0.010
8755 	 0.000
8879 	 0.000
8880 	 0.010
8881 	 0.000
9389 	 0.000
9390 	 0.010
9391 	 0.000
9406 	 0.000
9407 	 0.010
9408 	 0.000
9551 	 0.000
9552 	 0.010
9553 	 0.000
9603 	 0.000
9604 	 0.010
9605 	 0.000
10239 	 0.000
10240 	 0.010
10241 	 0.000
10297 	 0.000
10298 	 0.010
10299 	 0.000
10476 	 0.000
10477 	 0.010
10478 	 0.000
10783 	 0.000
10784 	 0.010
10785 	 0.000
10802 	 0.000
10803 	 0.010
10804 	 0.000
12469 	 0.000
12470 	 0.010
12471 	 0.000
12503 	 0.000
12504 	 0.010
12505 	 0.000
12619 	 0.000
12620 	 0.010
12621 	 0.000
12819 	 0.000
12820 	 0.010
12821 	 0.000
12900 	 0.000
12901 	 0.010
12902 	 0.000
13653 	 0.000
13654 	 0.010
13655 	 0.000
14463 	 0.000
14464 	 0.010
14465 	 0.000
14498 	 0.000
14499 	 0.010
14500 	 0.000
15787 	 0.000
15788 	 0.010
15789 	 0.000
16871 	 0.000
16872 	 0.010
16873 	 0.000
19341 	 0.000
19342 	 0.010
19343 	 0.000
20219 	 0.000
20220 	 0.010
20221 	 0.000
20276 	 0.000
20277 	 0.010
20278 	 0.000
21083 	 0.000
21084 	 0.010
21085 	 0.000
21674 	 0.000
21675 	 0.010
21676 	 0.000
21757 	 0.000
21758 	 0.010
21759 	 0.000
23489 	 0.000
23490 	 0.010
23491 	 0.000
42233 	 0.000
42234 	 0.010
42235 	 0.000
48777 	 0.000
48778 	 0.010
48779 	 0.000
77309 	 0.000
77310 	 0.010
77311 	 0.000
284083 	 0.000
284084 	 0.010
284085 	 0.000
321657 	 0.000
321658 	 0.010
321659 	 0.000
328403 	 0.000
328404 	 0.010
328405 	 0.000
344152 	 0.000
344153 	 0.010
344154 	 0.000
350779 	 0.000
350780 	 0.010
350781 	 0.000
350898 	 0.000
350899 	 0.010
350900 	 0.000
353903 	 0.000
353904 	 0.010
353905 	 0.000
358646 	 0.000
358647 	 0.010
358648 	 0.000
361269 	 0.000
361270 	 0.010
361271 	 0.000
362402 	 0.000
362403 	 0.010
362404 	 0.000
365772 	 0.000
365773 	 0.010
365774 	 0.000
369603 	 0.000
369604 	 0.010
369605 	 0.000
370798 	 0.000
370799 	 0.010
370800 	 0.000
371033 	 0.000
371034 	 0.010
371035 	 0.000
371178 	 0.000
371179 	 0.010
371180 	 0.000
372441 	 0.000
372442 	 0.010
372443 	 0.000
373123 	 0.000
373124 	 0.010
373125 	 0.000
373370 	 0.000
373371 	 0.010
373372 	 0.000
373631 	 0.000
373632 	 0.010
373633 	 0.000
374328 	 0.000
374329 	 0.010
374330 	 0.000
374372 	 0.000
374373 	 0.010
374374 	 0.000
375053 	 0.000
375054 	 0.010
375055 	 0.000
376354 	 0.000
376355 	 0.010
376356 	 0.000
376814 	 0.000
376815 	 0.010
376816 	 0.000
377691 	 0.000
377692 	 0.010
377693 	 0.000
378018 	 0.000
378019 	 0.010
378020 	 0.000
379347 	 0.000
379348 	 0.010
379349 	 0.000
380227 	 0.000
380228 	 0.010
380229 	 0.000
381052 	 0.000
381053 	 0.010
381054 	 0.000
381476 	 0.000
381477 	 0.010
381478 	 0.000
381675 	 0.000
381676 	 0.010
381677 	 0.000
382286 	 0.000
382287 	 0.010
382288 	 0.000
384866 	 0.000
384867 	 0.010
384868 	 0.000
385186 	 0.000
385187 	 0.010
385188 	 0.000
385675 	 0.000
385676 	 0.010
385677 	 0.000
385787 	 0.000
385788 	 0.010
385789 	 0.000
385921 	 0.000
385922 	 0.010
385923 	 0.000
386378 	 0.000
386379 	 0.010
386380 	 0.000
386785 	 0.000
386786 	 0.010
386787 	 0.000
386819 	 0.000
386820 	 0.010
386821 	 0.000
387002 	 0.000
387003 	 0.010
387004 	 0.000
387384 	 0.000
387385 	 0.010
387386 	 0.000
387508 	 0.000
387509 	 0.010
387510 	 0.000
387594 	 0.000
387595 	 0.010
387596 	 0.000
388427 	 0.000
388428 	 0.010
388429 	 0.000
388697 	 0.000
388698 	 0.010
388699 	 0.000
388845 	 0.000
388846 	 0.010
388847 	 0.000
389156 	 0.000
389157 	 0.010
389158 	 0.000
389401 	 0.000
389402 	 0.010
389403 	 0.000
389520 	 0.000
389521 	 0.010
389522 	 0.000
390016 	 0.000
390017 	 0.010
390018 	 0.000
390358 	 0.000
390359 	 0.010
390360 	 0.000
390638 	 0.000
390639 	 0.010
390640 	 0.000
390686 	 0.000
390687 	 0.010
390688 	 0.000
390710 	 0.000
390711 	 0.010
390712 	 0.000
391019 	 0.000
391020 	 0.010
391021 	 0.000
391136 	 0.000
391137 	 0.010
391138 	 0.000
391493 	 0.000
391494 	 0.010
391495 	 0.000
391551 	 0.000
391552 	 0.010
391553 	 0.000
391628 	 0.000
391629 	 0.010
391630 	 0.000
392097 	 0.000
392098 	 0.010
392099 	 0.000
392161 	 0.000
392162 	 0.010
392163 	 0.000
392516 	 0.000
392517 	 0.010
392518 	 0.000
392597 	 0.000
392598 	 0.010
392599 	 0.000
392620 	 0.000
392621 	 0.010
392622 	 0.000
392750 	 0.000
392751 	 0.010
392752 	 0.000
392784 	 0.000
392785 	 0.010
392786 	 0.000
393092 	 0.000
393093 	 0.010
393094 	 0.000
393650 	 0.000
393651 	 0.010
393652 	 0.000
393752 	 0.000
393753 	 0.010
393754 	 0.000
394871 	 0.000
394872 	 0.010
394873 	 0.000
394944 	 0.000
394945 	 0.010
394946 	 0.000
395048 	 0.000
395049 	 0.010
395050 	 0.000
395085 	 0.000
395086 	 0.010
395087 	 0.000
395567 	 0.000
395568 	 0.010
395569 	 0.000
395729 	 0.000
395730 	 0.010
395731 	 0.000
396073 	 0.000
396074 	 0.010
396075 	 0.000
396130 	 0.000
396131 	 0.010
396132 	 0.000
396364 	 0.000
396365 	 0.010
396366 	 0.000
397188 	 0.000
397189 	 0.010
397190 	 0.000
397861 	 0.000
397862 	 0.010
397863 	 0.000
397930 	 0.000
397931 	 0.010
397932 	 0.000
398103 	 0.000
398104 	 0.010
398105 	 0.000
398259 	 0.000
398260 	 0.010
398261 	 0.000
398657 	 0.000
398658 	 0.010
398659 	 0.000
399615 	 0.000
399616 	 0.010
399617 	 0.000
400242 	 0.000
400243 	 0.010
400244 	 0.000
400567 	 0.000
400568 	 0.010
400569 	 0.000
401122 	 0.000
401123 	 0.010
401124 	 0.000
401171 	 0.000
401172 	 0.010
401173 	 0.000
401193 	 0.000
401194 	 0.010
401195 	 0.000
401941 	 0.000
401942 	 0.010
401943 	 0.000
402670 	 0.000
402671 	 0.010
402672 	 0.000
403055 	 0.000
403056 	 0.010
403057 	 0.000
403883 	 0.000
403884 	 0.010
403885 	 0.000
405174 	 0.000
405175 	 0.010
405176 	 0.000
405566 	 0.000
405567 	 0.010
405568 	 0.000
405576 	 0.000
405577 	 0.010
405578 	 0.000
407017 	 0.000
407018 	 0.010
407019 	 0.000
407321 	 0.000
407322 	 0.010
407323 	 0.000
